Date,Open,High,Low,Close,Adj Close,Volume
2007-10-11,5.1,6.6,4.98,4.98,4.98,3303042
2007-10-12,4.92,4.92,4.72,4.72,4.72,592716
2007-10-15,4.7,4.72,4.48,4.54,4.54,207170
2007-10-16,4.48,4.76,4.48,4.52,4.52,192000
2007-10-17,4.5,4.52,4.42,4.42,4.42,174090
2007-10-18,4.42,4.58,4.38,4.38,4.38,164900
2007-10-19,4.4,4.42,4.36,4.36,4.36,18940
2007-10-22,4.36,4.38,4.3,4.3,4.3,41000
2007-10-24,4.32,4.56,4.32,4.44,4.44,248650
2007-10-25,4.58,4.68,4.38,4.46,4.46,384140
2007-10-26,4.5,4.54,4.4,4.5,4.5,51200
2007-10-29,4.54,5.25,4.54,5,5,1159135
2007-10-30,5,5.35,4.8,4.8,4.8,841200
2007-10-31,4.82,4.82,4.62,4.64,4.64,83375
2007-11-01,4.7,4.94,4.7,4.74,4.74,147850
2007-11-02,4.76,5.65,4.74,5.35,5.35,2220290
2007-11-05,5.5,7,5.4,6.85,6.85,5806511
2007-11-06,6.8,8.2,6.4,6.5,6.5,8049125
2007-11-07,6.45,6.85,6.2,6.2,6.2,2664900
2007-11-08,6.25,7,6.2,7,7,3119280
2007-11-09,7,7.05,5.9,6.15,6.15,1790530
2007-11-12,6.05,6.3,5.85,5.95,5.95,1387370
2007-11-13,5.95,6.55,5.9,6.2,6.2,3501750
2007-11-14,6.25,6.25,5.5,5.55,5.55,965650
2007-11-15,5.6,6,5.1,5.1,5.1,1152905
2007-11-16,5.15,5.3,4.98,5.05,5.05,540200
2007-11-19,5.1,5.5,4.84,4.94,4.94,3030950
2007-11-20,4.9,5.2,4.78,5.2,5.2,1937361
2007-11-21,5.25,5.75,4.8,4.8,4.8,7131755
2007-11-22,4.92,4.92,4.6,4.6,4.6,466905
2007-11-23,4.66,4.8,4.64,4.7,4.7,253710
2007-11-26,4.8,4.8,4.66,4.66,4.66,132660
2007-11-27,4.66,4.84,4.64,4.7,4.7,288850
2007-11-28,4.7,4.88,4.7,4.7,4.7,309750
2007-11-29,4.74,4.9,4.74,4.8,4.8,594550
2007-11-30,4.82,4.84,4.74,4.74,4.74,99115
2007-12-03,4.7,4.78,4.56,4.56,4.56,212700
2007-12-04,4.64,4.66,4.52,4.52,4.52,126900
2007-12-06,4.54,4.74,4.54,4.6,4.6,241600
2007-12-07,4.7,4.98,4.62,4.82,4.82,1198735
2007-12-11,4.84,4.84,4.7,4.7,4.7,235585
2007-12-12,4.86,4.88,4.68,4.68,4.68,291800
2007-12-13,4.72,4.74,4.6,4.64,4.64,86000
2007-12-14,4.56,4.6,4.5,4.52,4.52,156050
2007-12-17,4.5,4.5,4.28,4.28,4.28,118300
2007-12-18,4.26,4.36,4.26,4.3,4.3,31245
2007-12-19,4.32,4.42,4.3,4.32,4.32,61907
2007-12-20,4.32,4.38,4.3,4.3,4.3,15200
2007-12-21,4.3,4.34,4.26,4.34,4.34,17550
2007-12-25,4.34,4.48,4.3,4.42,4.42,104500
2007-12-26,4.42,4.74,4.42,4.58,4.58,436709
2007-12-27,4.7,4.7,4.52,4.58,4.58,87600
2007-12-28,4.58,4.6,4.58,4.6,4.6,45600
2008-01-02,4.6,4.6,4.56,4.56,4.56,19200
2008-01-03,4.56,4.64,4.56,4.58,4.58,70900
2008-01-04,4.64,4.64,4.56,4.56,4.56,36600
2008-01-07,4.56,4.56,4.5,4.5,4.5,42050
2008-01-08,4.5,4.52,4.4,4.4,4.4,85200
2008-01-09,4.4,4.56,4.38,4.56,4.56,12800
2008-01-10,4.58,4.58,4.56,4.56,4.56,300
2008-01-14,4.38,4.38,4.38,4.38,4.38,1600
2008-01-15,4.38,4.38,4.34,4.34,4.34,25700
2008-01-16,4.32,4.52,4.2,4.2,4.2,43400
2008-01-17,4.38,4.38,4.38,4.38,4.38,300
2008-01-18,4.46,4.46,4.28,4.44,4.44,5300
2008-01-21,4.5,4.5,4.18,4.18,4.18,8000
2008-01-22,4.16,4.2,3.98,3.98,3.98,60650
2008-01-23,3.96,4,3.92,3.92,3.92,15000
2008-01-24,3.9,3.9,3.7,3.7,3.7,53800
2008-01-25,3.9,3.92,3.9,3.92,3.92,12000
2008-01-28,3.86,3.86,3.86,3.86,3.86,6000
2008-01-29,4,4.02,4,4.02,4.02,25000
2008-01-30,4.02,4.1,4.02,4.1,4.1,91200
2008-01-31,4.08,4.26,4.08,4.14,4.14,70185
2008-02-01,4.2,4.3,4.2,4.22,4.22,23425
2008-02-04,4.22,4.46,4.22,4.22,4.22,22595
2008-02-05,4.2,4.2,4.2,4.2,4.2,4700
2008-02-06,4.1,4.12,4.06,4.12,4.12,18900
2008-02-07,4.14,4.4,4.14,4.4,4.4,16800
2008-02-08,4.12,4.18,4.12,4.14,4.14,18000
2008-02-11,4.2,4.2,4.2,4.2,4.2,11500
2008-02-12,4.2,4.22,4.18,4.22,4.22,29650
2008-02-13,4.18,4.3,4.18,4.24,4.24,59530
2008-02-14,4.28,4.48,4.28,4.42,4.42,19560
2008-02-15,4.32,4.34,4.32,4.34,4.34,1050
2008-02-18,4.48,5.2,4.48,5.05,5.05,1271641
2008-02-19,5,5.7,4.6,4.8,4.8,1761219
2008-02-20,4.82,4.9,4.7,4.72,4.72,232610
2008-02-22,4.84,5.25,4.84,5.05,5.05,357615
2008-02-25,5.15,6.3,5,6.05,6.05,3276509
2008-02-26,6,6.3,5.55,5.55,5.55,1174955
2008-02-27,5.75,5.85,5.45,5.45,5.45,1391708
2008-02-28,5.5,5.7,5.45,5.45,5.45,515000
2008-02-29,5.5,5.5,5.25,5.25,5.25,135200
2008-03-03,5.2,5.45,5.2,5.35,5.35,191700
2008-03-04,5.4,5.6,5.15,5.15,5.15,222130
2008-03-05,5.2,5.25,5.15,5.25,5.25,48415
2008-03-06,5.25,5.35,5.25,5.25,5.25,16050
2008-03-07,5.3,5.7,5.3,5.4,5.4,635406
2008-03-10,5.4,5.4,5.15,5.15,5.15,109480
2008-03-11,5.15,5.45,5.15,5.2,5.2,89400
2008-03-12,5.3,5.3,5.1,5.1,5.1,73830
2008-03-13,5.15,5.25,5.1,5.1,5.1,65100
2008-03-14,5.15,5.15,5.05,5.05,5.05,103900
2008-03-17,5.1,5.1,5,5,5,77050
2008-03-18,5.1,5.1,4.98,4.98,4.98,39505
2008-03-19,5,5,5,5,5,6000
2008-03-20,4.98,4.98,4.98,4.98,4.98,28300
2008-03-21,4.98,4.98,4.96,4.96,4.96,38500
2008-03-24,5,5.1,4.96,5.1,5.1,6100
2008-03-25,4.96,5.1,4.96,5.1,5.1,11100
2008-03-26,5.1,6.05,5.1,5.65,5.65,661250
2008-03-27,5.85,6.2,5.65,5.65,5.65,437625
2008-03-28,5.7,5.7,5.25,5.3,5.3,207500
2008-03-31,5.4,5.8,5.2,5.2,5.2,139900
2008-04-01,5.2,5.3,5.15,5.3,5.3,93550
2008-04-02,5.55,5.6,5.3,5.3,5.3,86900
2008-04-03,5.3,5.5,5.3,5.5,5.5,3400
2008-04-04,5.15,5.25,5.15,5.2,5.2,3750
2008-04-08,5.2,5.6,5.15,5.15,5.15,12030
2008-04-09,5.15,5.35,5.15,5.35,5.35,19650
2008-04-10,5.15,5.2,5.1,5.1,5.1,52200
2008-04-11,5.3,5.45,5.2,5.2,5.2,64700
2008-04-16,5.15,5.15,5.15,5.15,5.15,5000
2008-04-17,5.2,5.2,5.15,5.15,5.15,200
2008-04-18,5.2,5.25,5.2,5.25,5.25,25275
2008-04-21,5.4,5.5,5.25,5.25,5.25,15030
2008-04-22,5.35,5.45,5.25,5.25,5.25,30750
2008-04-23,5.25,5.25,5.05,5.05,5.05,250500
2008-04-24,5.2,5.3,5.05,5.05,5.05,55600
2008-04-25,5.3,5.3,5.1,5.15,5.15,29600
2008-04-28,5.4,6.45,5.4,6,6,2449540
2008-04-29,6.15,6.2,5.65,5.65,5.65,737055
2008-04-30,5.85,6.6,5.85,6.15,6.15,1092870
2008-05-02,6.2,6.55,6.05,6.4,6.4,490555
2008-05-06,6.6,7.2,6.45,7,7,1048100
2008-05-07,7.05,7.1,6.85,7.05,7.05,105060
2008-05-08,7.1,7.7,7,7.5,7.5,598205
2008-05-09,7.8,8.1,7.65,8,8,548770
2008-05-12,8.15,8.5,7.6,8,8,545435
2008-05-13,7.4,7.55,7.2,7.45,7.45,242605
2008-05-14,7.3,7.3,6.95,7,7,63200
2008-05-15,7,7.1,6.9,6.9,6.9,47300
2008-05-16,7,7.1,6.65,6.65,6.65,147400
2008-05-20,6.8,6.85,6.7,6.7,6.7,20500
2008-05-21,6.6,6.85,6.55,6.7,6.7,10900
2008-05-22,6.6,6.75,6.5,6.75,6.75,14400
2008-05-23,6.55,6.6,6.5,6.5,6.5,32000
2008-05-26,6.4,6.4,6.3,6.3,6.3,12000
2008-05-27,6.3,6.3,6.05,6.15,6.15,78450
2008-05-28,6.05,6.05,5.85,5.85,5.85,32000
2008-05-29,5.85,6,5.8,6,6,19000
2008-05-30,6.25,6.25,6,6.1,6.1,21152
2008-06-03,6,6.35,6,6.35,6.35,25100
2008-06-04,6.3,6.3,6,6,6,7000
2008-06-05,6,6.2,6,6.1,6.1,10600
2008-06-06,6.45,6.45,5.95,6,6,194600
2008-06-09,6,6.05,5.9,6.05,6.05,4600
2008-06-10,5.9,5.9,5.75,5.75,5.75,48000
2008-06-11,5.8,5.8,5.8,5.8,5.8,7300
2008-06-12,5.75,5.75,5.65,5.65,5.65,18800
2008-06-13,5.65,5.65,5.65,5.65,5.65,100
2008-06-16,5.6,5.6,5.6,5.6,5.6,300
2008-06-17,5.6,5.9,5.6,5.75,5.75,25400
2008-06-18,6,6,6,6,6,13100
2008-06-20,5.95,5.95,5.95,5.95,5.95,500
2008-06-23,5.95,6.25,5.95,6.25,6.25,5200
2008-06-24,6.3,6.35,6.1,6.1,6.1,31600
2008-06-25,6.15,6.3,6.05,6.05,6.05,6000
2008-06-26,6,6.05,5.8,6.05,6.05,11955
2008-06-27,5.6,6.2,5.6,6.2,6.2,300
2008-06-30,6.1,6.1,5.55,5.55,5.55,20000
2008-07-02,5.95,5.95,5.95,5.95,5.95,300
2008-07-04,5.9,5.9,5.6,5.6,5.6,5300
2008-07-07,5.5,5.5,5.4,5.4,5.4,7300
2008-07-08,5.35,5.4,5.35,5.4,5.4,6075
2008-07-09,5.4,5.8,5.4,5.8,5.8,600
2008-07-10,6,6,6,6,6,100
2008-07-16,5.3,6,5.3,6,6,200
2008-07-18,5.3,5.3,5.3,5.3,5.3,3000
2008-07-21,5.25,5.25,5.25,5.25,5.25,200
2008-07-22,5.25,5.7,5.25,5.7,5.7,1300
2008-07-24,5.25,5.45,5.25,5.25,5.25,22000
2008-07-25,5.2,5.2,5.2,5.2,5.2,1000
2008-07-28,5.4,5.4,5.15,5.15,5.15,2600
2008-07-29,5.4,5.4,5.4,5.4,5.4,100
2008-07-30,5.4,5.55,5.1,5.1,5.1,25500
2008-07-31,5.15,5.2,5.15,5.2,5.2,1000
2008-08-01,5.2,5.2,5.1,5.1,5.1,6200
2008-08-04,5.2,5.3,5.2,5.2,5.2,20240
2008-08-05,5.2,5.2,5.15,5.15,5.15,18200
2008-08-06,5.2,5.3,5.2,5.3,5.3,32300
2008-08-07,5.3,5.35,5.3,5.35,5.35,560
2008-08-08,5.35,5.35,5.15,5.35,5.35,8100
2008-08-11,5.45,5.45,5.45,5.45,5.45,300
2008-08-14,5.05,5.5,5.05,5.5,5.5,810
2008-08-15,5.5,5.5,5.15,5.15,5.15,148410
2008-08-18,5.35,5.35,4.94,4.94,4.94,33810
2008-08-19,5,5.05,4.94,4.94,4.94,13900
2008-08-20,4.98,4.98,4.86,4.86,4.86,21600
2008-08-21,4.84,4.9,4.62,4.9,4.9,40800
2008-08-22,4.8,4.9,4.54,4.9,4.9,37500
2008-08-25,4.42,4.42,4.4,4.4,4.4,6000
2008-08-27,4.42,4.5,4.4,4.5,4.5,15700
2008-08-28,4.5,4.5,4.5,4.5,4.5,5000
2008-09-01,4.22,4.64,4.18,4.64,4.64,6500
2008-09-02,4.2,4.2,4.2,4.2,4.2,5200
2008-09-08,4.88,4.88,4.88,4.88,4.88,100
2008-09-19,4,4,3.94,3.98,3.98,19400
2008-09-22,3.94,4.22,3.78,4.22,4.22,16900
2008-09-24,3.98,3.98,3.88,3.9,3.9,1800
2008-09-29,3.8,3.8,3.8,3.8,3.8,2000
2008-10-02,3.8,3.8,3.8,3.8,3.8,100
2008-10-03,3.8,3.8,3.8,3.8,3.8,100
2008-10-07,3.8,3.8,3.8,3.8,3.8,100
2008-10-20,3.7,3.7,3.7,3.7,3.7,400
2008-11-04,3,3,2.5,2.5,2.5,9800
2008-11-05,3.52,3.52,3.1,3.1,3.1,10200
2008-11-06,3.6,3.6,3.6,3.6,3.6,100
2008-11-27,3,3,3,3,3,4000
2008-12-11,3.8,3.8,3.8,3.8,3.8,100
2008-12-17,3.8,3.8,3,3,3,15000
2008-12-18,1.9,2.86,1.9,1.99,1.99,109200
2008-12-19,1.9,2.12,1.9,2.1,2.1,187900
2008-12-22,2,2,2,2,2,57000
2008-12-23,2,2,1.98,1.98,1.98,32250
2008-12-24,1.98,2,1.98,1.98,1.98,35000
2008-12-25,1.97,1.97,1.97,1.97,1.97,500
2008-12-26,1.97,2.04,1.97,1.99,1.99,70900
2008-12-29,1.78,1.9,1.78,1.9,1.9,1500
2009-01-05,1.98,2.12,1.98,2.12,2.12,82700
2009-01-06,2,2.04,2,2,2,51800
2009-01-07,2,2,1.93,1.93,1.93,13500
2009-01-12,2.2,2.2,2,2.06,2.06,19200
2009-01-13,2.1,2.1,1.6,1.6,1.6,66700
2009-01-14,1.78,1.88,1.78,1.88,1.88,14300
2009-01-15,1.8,1.8,1.8,1.8,1.8,24000
2009-01-16,1.8,1.86,1.72,1.85,1.85,48000
2009-01-19,1.85,1.85,1.81,1.82,1.82,10700
2009-01-21,2.1,2.1,2.1,2.1,2.1,200
2009-01-26,1.5,2,1.5,2,2,1100
2009-01-27,1.92,2,1.92,2,2,10100
2009-01-28,1.94,2.16,1.94,2.16,2.16,11700
2009-01-29,1.97,1.98,1.95,1.97,1.97,16200
2009-01-30,2,2,2,2,2,100
2009-02-03,1.8,1.82,1.8,1.81,1.81,14100
2009-02-05,1.95,1.95,1.95,1.95,1.95,100
2009-02-06,2.16,2.3,2.16,2.3,2.3,149800
2009-02-10,2,2.22,2,2.22,2.22,1200
2009-02-11,2.02,2.1,2.02,2.1,2.1,1600
2009-02-12,2.3,2.38,2.3,2.38,2.38,200
2009-02-13,2,2.2,2,2.14,2.14,63100
2009-02-16,2,2,1.95,1.95,1.95,73000
2009-02-18,1.99,1.99,1.99,1.99,1.99,100
2009-02-19,1.99,1.99,1.96,1.96,1.96,3300
2009-02-20,1.96,1.96,1.96,1.96,1.96,500
2009-02-23,1.96,2,1.96,2,2,1200
2009-02-24,2,3.54,2,2.6,2.6,5136305
2009-02-25,2.9,3.08,2.22,2.22,2.22,1626100
2009-02-26,2.3,2.4,2,2.06,2.06,498000
2009-02-27,2.06,2.08,1.85,1.85,1.85,217400
2009-03-02,1.93,1.93,1.54,1.6,1.6,30150
2009-03-03,1.58,1.73,1.58,1.67,1.67,45600
2009-03-04,1.72,1.83,1.68,1.75,1.75,75400
2009-03-05,1.75,1.87,1.69,1.69,1.69,49400
2009-03-06,1.69,1.7,1.66,1.7,1.7,21900
2009-03-09,1.7,1.7,1.68,1.69,1.69,28800
2009-03-10,1.69,1.78,1.69,1.76,1.76,9900
2009-03-11,1.78,1.9,1.76,1.76,1.76,106700
2009-03-12,1.84,1.84,1.84,1.84,1.84,100
2009-03-13,1.84,2.22,1.84,2.06,2.06,636700
2009-03-16,2.1,2.12,2,2,2,49500
2009-03-17,2,2.02,2,2,2,21900
2009-03-18,1.92,2.1,1.91,2,2,12700
2009-03-19,2,2.04,1.95,1.95,1.95,19200
2009-03-20,1.95,2.04,1.95,1.95,1.95,17600
2009-03-23,1.98,2.12,1.98,2.02,2.02,59100
2009-03-24,2.16,2.44,2.12,2.3,2.3,496100
2009-03-25,2.2,2.22,2.08,2.22,2.22,39520
2009-03-26,2.2,2.32,2.12,2.2,2.2,54000
2009-03-27,2.18,2.18,2.18,2.18,2.18,3000
2009-03-30,2.1,2.12,2.02,2.04,2.04,35400
2009-03-31,2.16,2.2,2.1,2.1,2.1,11000
2009-04-01,2.14,2.14,2.14,2.14,2.14,2600
2009-04-02,2.2,2.26,2.16,2.16,2.16,53800
2009-04-03,2.26,2.28,2.16,2.2,2.2,38000
2009-04-07,2.16,2.18,2.16,2.16,2.16,9600
2009-04-08,2.16,2.66,2.16,2.54,2.54,718200
2009-04-09,2.6,2.92,2.5,2.58,2.58,956700
2009-04-10,2.58,2.94,2.58,2.9,2.9,376600
2009-04-16,2.84,3.14,2.84,3.06,3.06,291900
2009-04-17,3.06,3.06,2.92,3.04,3.04,118400
2009-04-20,2.92,3.06,2.92,2.98,2.98,55300
2009-04-21,2.98,3.16,2.9,3,3,186500
2009-04-22,3,3,2.8,2.88,2.88,196000
2009-04-23,2.92,2.92,2.8,2.92,2.92,4500
2009-04-24,2.9,2.98,2.88,2.88,2.88,104500
2009-04-27,2.9,3.2,2.88,2.94,2.94,497700
2009-04-28,2.96,2.96,2.8,2.8,2.8,107300
2009-04-29,2.8,2.94,2.8,2.94,2.94,16700
2009-04-30,2.84,2.94,2.84,2.86,2.86,17900
2009-05-04,2.9,2.96,2.88,2.96,2.96,50510
2009-05-06,3.06,3.06,3.06,3.06,3.06,200
2009-05-11,3.06,3.06,3.06,3.06,3.06,5000
2009-05-12,3,3.08,3,3,3,22700
2009-05-13,3.14,3.28,2.96,2.96,2.96,461000
2009-05-14,2.78,2.9,2.74,2.88,2.88,71350
2009-05-15,2.7,2.88,2.7,2.88,2.88,8000
2009-05-18,2.92,3.1,2.92,3.1,3.1,2000
2009-05-19,3,3.08,2.82,3.08,3.08,5300
2009-05-20,2.82,3.18,2.72,3.04,3.04,157300
2009-05-21,3.06,3.34,2.96,2.98,2.98,426000
2009-05-22,2.98,3.14,2.96,3.14,3.14,62000
2009-05-25,3.14,3.22,3,3,3,75600
2009-05-26,3,3.1,2.98,2.98,2.98,1200
2009-05-27,3.16,3.16,2.96,2.96,2.96,24400
2009-05-28,3.14,3.14,3,3,3,10300
2009-05-29,3.14,3.14,3.02,3.04,3.04,27300
2009-06-01,3,3.12,3,3.12,3.12,5200
2009-06-02,3,3.1,2.92,3.1,3.1,10200
2009-06-03,3,3.1,3,3.1,3.1,31600
2009-06-04,3.02,3.08,3,3.08,3.08,20100
2009-06-05,3.06,3.1,3.06,3.1,3.1,18200
2009-06-08,3.14,3.36,2.94,3.3,3.3,265800
2009-06-09,3.4,3.56,3.22,3.22,3.22,447700
2009-06-10,3.24,3.32,3.22,3.28,3.28,43800
2009-06-11,3.3,3.64,3,3.3,3.3,368200
2009-06-12,3.32,3.56,3.26,3.28,3.28,43800
2009-06-15,3.46,3.46,3.24,3.44,3.44,14100
2009-06-16,3.24,3.4,3.2,3.4,3.4,27700
2009-06-17,3.28,3.3,3.1,3.3,3.3,31100
2009-06-18,3.1,3.1,3,3.06,3.06,63000
2009-06-19,3.04,3.04,2.96,3.02,3.02,66800
2009-06-22,3.02,3.02,2.96,2.98,2.98,50800
2009-06-23,2.9,2.96,2.88,2.9,2.9,28400
2009-06-24,2.96,3,2.9,3,3,64860
2009-06-25,3.04,3.14,3,3.14,3.14,25600
2009-06-26,3.18,3.2,3.18,3.2,3.2,24200
2009-06-29,3.04,3.04,2.96,2.96,2.96,6000
2009-06-30,3.44,3.44,3,3.08,3.08,5100
2009-07-02,3.1,3.16,2.98,3.16,3.16,4800
2009-07-03,3,3.28,3,3.08,3.08,54200
2009-07-08,2.9,3.1,2.88,3.1,3.1,46400
2009-07-09,3.08,3.12,3.08,3.12,3.12,9700
2009-07-10,3.08,3.1,3.04,3.06,3.06,3400
2009-07-13,3.1,3.1,3.1,3.1,3.1,200
2009-07-14,3.14,3.14,3.14,3.14,3.14,200
2009-07-15,3.1,3.18,3.06,3.1,3.1,35100
2009-07-16,3.1,3.1,3.08,3.08,3.08,9000
2009-07-17,3.08,3.16,3.06,3.16,3.16,33300
2009-07-20,3.16,3.22,3.12,3.12,3.12,43700
2009-07-21,3.18,3.2,3.14,3.2,3.2,81700
2009-07-22,3.2,3.32,3.02,3.02,3.02,52350
2009-07-23,3.2,3.22,3.16,3.18,3.18,44200
2009-07-24,3.22,3.22,3.18,3.2,3.2,43900
2009-07-27,3.26,3.4,3.22,3.28,3.28,193300
2009-07-28,3.36,3.36,3.28,3.28,3.28,13320
2009-07-29,3.2,3.28,3.14,3.28,3.28,23300
2009-07-30,3.32,3.4,3.18,3.22,3.22,14000
2009-07-31,3.22,3.3,3.22,3.3,3.3,29300
2009-08-03,3.32,3.86,3.32,3.7,3.7,1043200
2009-08-04,3.72,3.78,3.5,3.68,3.68,134200
2009-08-05,3.72,3.72,3.58,3.58,3.58,32800
2009-08-06,3.62,3.68,3.5,3.6,3.6,52375
2009-08-07,3.5,3.62,3.5,3.62,3.62,70600
2009-08-10,3.58,3.78,3.58,3.74,3.74,111900
2009-08-11,3.72,3.76,3.7,3.76,3.76,17600
2009-08-13,3.9,4.12,3.88,4.06,4.06,266620
2009-08-14,4.04,4.7,4.04,4.5,4.5,527200
2009-08-17,4.5,4.54,4.22,4.48,4.48,57000
2009-08-18,4.24,4.5,4,4.5,4.5,50500
2009-08-19,4.4,4.46,4.18,4.32,4.32,71200
2009-08-20,4.24,4.3,4.24,4.24,4.24,27700
2009-08-21,4.2,4.2,4.08,4.08,4.08,97100
2009-08-24,4.08,4.2,4.08,4.08,4.08,40700
2009-08-25,4.06,4.14,4.06,4.14,4.14,25400
2009-08-26,4.04,4.04,4.04,4.04,4.04,2200
2009-08-27,4.04,4.04,3.94,4,4,52700
2009-08-28,4,4.08,4,4.08,4.08,4100
2009-08-31,3.9,4.06,3.9,4.06,4.06,10100
2009-09-01,4.02,4.08,3.82,4.08,4.08,42400
2009-09-03,4.04,4.2,4.02,4.14,4.14,98800
2009-09-04,4.14,4.4,4.14,4.26,4.26,68200
2009-09-07,4.34,4.34,4,4.3,4.3,49110
2009-09-08,4.16,4.18,4.12,4.18,4.18,22600
2009-09-09,4.2,4.2,4.04,4.04,4.04,9740
2009-09-10,4.1,4.18,4.04,4.16,4.16,30900
2009-09-11,4.14,4.16,4.14,4.16,4.16,6700
2009-09-14,4.04,4.18,4.04,4.18,4.18,1800
2009-09-16,4.04,4.16,4,4.16,4.16,23700
2009-09-17,4.04,4.1,4,4.02,4.02,42805
2009-09-18,4,4.12,4,4.12,4.12,15200
2009-09-21,4.16,4.42,4.16,4.34,4.34,72100
2009-09-22,4.34,4.54,4.34,4.54,4.54,46500
2009-09-23,4.5,4.62,4.5,4.62,4.62,10800
2009-09-24,4.58,4.58,4.46,4.46,4.46,55150
2009-09-25,4.32,4.32,4.22,4.22,4.22,25025
2009-09-28,4.44,4.54,4.44,4.5,4.5,25000
2009-09-30,4.32,4.48,4.32,4.48,4.48,20400
2009-10-01,4.32,4.7,4.32,4.7,4.7,1870
2009-10-06,4.36,4.7,4.36,4.7,4.7,250
2009-10-07,4.24,4.7,4.24,4.7,4.7,23015
2009-10-08,4.38,4.54,4.32,4.54,4.54,17000
2009-10-09,4.3,4.54,4.3,4.54,4.54,31900
2009-10-12,4.34,4.6,4.34,4.6,4.6,15500
2009-10-13,4.68,4.74,4.68,4.7,4.7,26050
2009-10-14,4.7,5.15,4.62,4.68,4.68,278005
2009-10-15,4.78,4.8,4.18,4.18,4.18,95300
2009-10-16,4.24,4.52,4.18,4.5,4.5,52800
2009-10-19,4.36,4.36,4.36,4.36,4.36,1900
2009-10-20,4.58,4.64,4.44,4.46,4.46,33900
2009-10-21,4.48,4.48,4.48,4.48,4.48,3150
2009-10-22,4.44,4.48,4.44,4.44,4.44,86150
2009-10-26,4.48,4.48,4.48,4.48,4.48,132
2009-10-27,4.5,4.5,4.5,4.5,4.5,57000
2009-10-28,4.6,4.8,4.6,4.8,4.8,2100
2009-10-29,4.44,4.44,4.44,4.44,4.44,7000
2009-10-30,4.68,4.68,4.68,4.68,4.68,10700
2009-11-02,4.6,4.6,4.52,4.52,4.52,805
2009-11-03,4.58,4.58,4.58,4.58,4.58,50250
2009-11-04,4.7,5.1,4.7,5.1,5.1,26200
2009-11-05,5.2,7,5.2,5.7,5.7,280300
2009-11-06,6.15,7.05,6.15,6.4,6.4,417600
2009-11-09,6.6,7,6.4,7,7,335795
2009-11-10,7.1,7.2,6.4,6.6,6.6,328100
2009-11-11,6.4,6.95,6.4,6.8,6.8,202910
2009-11-12,6.8,10.2,6.8,9,9,3736330
2009-11-13,9.6,9.95,8.95,9.4,9.4,1450775
2009-11-16,9.5,9.5,9,9,9,188150
2009-11-17,9.15,9.2,8.8,8.8,8.8,85950
2009-11-18,8.35,8.6,8.3,8.4,8.4,51900
2009-11-19,8.4,8.4,8.2,8.3,8.3,68800
2009-11-20,8,8.3,7.8,8,8,108600
2009-11-23,7.8,9.2,7.65,8.55,8.55,188250
2009-11-24,8.55,8.8,7.5,8,8,46665
2009-11-25,8.8,8.8,8.1,8.55,8.55,36850
2009-11-26,8.75,9.95,8.4,8.4,8.4,471705
2009-11-27,8.55,9.5,8.3,9.1,9.1,675965
2009-11-30,9.1,10.4,9,9.6,9.6,1013008
2009-12-01,9.8,10.2,9.65,9.75,9.75,397900
2009-12-02,9.7,9.9,9.15,9.4,9.4,100600
2009-12-03,9.6,9.6,9.15,9.35,9.35,80610
2009-12-04,9.6,9.6,9.05,9.1,9.1,61750
2009-12-08,9.1,9.1,8.95,9,9,29800
2009-12-09,9,9,8.65,8.8,8.8,60200
2009-12-11,8.85,9.4,8.85,9.4,9.4,71700
2009-12-14,9.2,9.45,9.15,9.15,9.15,48150
2009-12-15,9.25,9.25,8.9,9,9,17600
2009-12-16,9,9.25,9,9.15,9.15,23600
2009-12-17,9.2,10.3,9.15,9.45,9.45,570360
2009-12-18,9.6,9.65,9.3,9.4,9.4,127200
2009-12-21,9.4,9.6,9.2,9.3,9.3,98200
2009-12-22,9.3,9.3,9.1,9.2,9.2,50300
2009-12-23,9.05,9.1,9,9.1,9.1,49949
2009-12-24,9.05,9.2,9,9,9,13700
2009-12-25,9.15,9.2,9.05,9.05,9.05,5800
2009-12-28,9,9.3,8.95,9.05,9.05,20600
2009-12-29,9.2,9.25,9.05,9.05,9.05,7100
2009-12-30,9.3,9.3,9,9,9,16500
2010-01-04,9,9,8.95,8.95,8.95,7000
2010-01-05,9,9.2,8.95,8.95,8.95,63700
2010-01-06,9.25,9.25,9,9,9,8100
2010-01-07,9,9.25,8.9,8.9,8.9,50600
2010-01-08,9,9.45,8.95,9.05,9.05,163900
2010-01-11,9.2,9.35,9.1,9.3,9.3,63800
2010-01-12,9.1,9.25,9.05,9.1,9.1,22100
2010-01-13,9.05,9.2,9.05,9.1,9.1,11700
2010-01-14,9.1,9.1,9.1,9.1,9.1,5585
2010-01-15,9.2,9.45,9.1,9.1,9.1,70800
2010-01-18,9,9.5,9,9.25,9.25,173800
2010-01-19,9.35,9.4,9.05,9.1,9.1,52800
2010-01-20,9.1,9.25,9,9.15,9.15,19915
2010-01-21,9.25,10.3,9.25,9.7,9.7,1208345
2010-01-22,9.6,10,9.35,9.65,9.65,428950
2010-01-25,9.9,9.9,9.5,9.5,9.5,147500
2010-01-26,9.75,9.75,9.2,9.2,9.2,157600
2010-01-27,9.2,9.3,8.8,8.8,8.8,128400
2010-01-28,9,9.15,8.5,8.5,8.5,87900
2010-01-29,8.5,8.9,8.45,8.9,8.9,93200
2010-02-01,8.9,9,8.8,9,9,63500
2010-02-02,9.1,9.45,9.1,9.35,9.35,132300
2010-02-03,9.35,9.7,9.35,9.45,9.45,134400
2010-02-04,9.45,9.45,9.2,9.2,9.2,12900
2010-02-05,9,9,8.85,8.95,8.95,49900
2010-02-08,9,9.1,8.9,9.1,9.1,7800
2010-02-09,9,9.4,9,9.25,9.25,68700
2010-02-10,9.35,10.2,9.35,9.7,9.7,669005
2010-02-11,9.8,10.3,9.7,9.75,9.75,539200
2010-02-12,9.7,10,9.55,9.6,9.6,137400
2010-02-15,9.6,9.6,9.35,9.35,9.35,37800
2010-02-16,9.4,9.45,9.4,9.45,9.45,27200
2010-02-17,9.75,9.8,9.3,9.4,9.4,47400
2010-02-18,9.6,9.6,9.6,9.6,9.6,3600
2010-02-19,9.6,9.8,9.45,9.45,9.45,33900
2010-02-22,9.55,9.7,9.45,9.45,9.45,17000
2010-02-23,9.55,9.7,9.35,9.55,9.55,64000
2010-02-24,10.1,10.7,9.95,10.2,10.2,1404377
2010-02-25,10.4,11.2,10.3,10.4,10.4,1114499
2010-02-26,10.5,10.6,10.4,10.5,10.5,325000
2010-03-02,10.9,11.5,10.9,11.4,11.4,539605
2010-03-03,11.5,11.6,11.1,11.5,11.5,108850
2010-03-04,11.4,12.1,11.4,11.7,11.7,563475
2010-03-05,11.8,12,11,11.4,11.4,173200
2010-03-08,11.5,11.5,11.3,11.3,11.3,46000
2010-03-09,11.4,11.5,11.3,11.4,11.4,70000
2010-03-10,11.4,11.5,11.3,11.4,11.4,147000
2010-03-11,11.4,11.4,11.2,11.2,11.2,90600
2010-03-12,11.2,11.4,11.1,11.4,11.4,38000
2010-03-15,11,11.5,11,11.4,11.4,55500
2010-03-16,11.4,11.5,11.3,11.5,11.5,319800
2010-03-17,11.5,11.6,11.4,11.5,11.5,262177
2010-03-18,11.4,11.5,11.3,11.3,11.3,128300
2010-03-19,11.4,11.5,11.4,11.5,11.5,72000
2010-03-22,11.4,11.9,11.4,11.4,11.4,167000
2010-03-23,11.5,11.8,11.4,11.8,11.8,136700
2010-03-24,11.7,11.7,11.3,11.3,11.3,23400
2010-03-25,11.3,11.5,11.3,11.3,11.3,3600
2010-03-26,11.3,12,11.3,11.5,11.5,34990
2010-03-29,11.5,13.3,11.5,12.8,12.8,442495
2010-03-30,13,13.1,12.7,12.7,12.7,47000
2010-03-31,13,13.1,12.7,12.7,12.7,12500
2010-04-01,12.5,12.8,12.5,12.6,12.6,35507
2010-04-02,12.8,12.9,12.5,12.8,12.8,16060
2010-04-05,12.6,12.9,12.6,12.8,12.8,46400
2010-04-07,12.6,13,12.6,12.9,12.9,53020
2010-04-08,13,13.1,12.3,12.9,12.9,92313
2010-04-09,12.4,12.9,12.4,12.9,12.9,201
2010-04-12,11.6,12.8,11.6,12.8,12.8,4100
2010-04-21,11.5,12.6,11.5,12.6,12.6,1100
2010-04-22,11.8,12.8,11.8,12.8,12.8,4000
2010-04-23,12,12.8,11.9,12.7,12.7,3800
2010-04-26,12.8,12.8,12.3,12.3,12.3,2200
2010-04-27,12.9,12.9,12.1,12.2,12.2,8400
2010-04-28,12.6,12.6,12,12.1,12.1,7200
2010-04-29,12,12.4,12,12,12,14500
2010-04-30,12.1,12.4,12.1,12.4,12.4,8800
2010-05-04,12.7,12.8,12.6,12.6,12.6,35300
2010-05-06,12.5,12.5,12.3,12.4,12.4,27100
2010-05-07,12.3,12.3,12,12,12,32900
2010-05-10,11.9,12.1,11.9,12.1,12.1,22300
2010-05-11,12.1,12.5,12.1,12.5,12.5,13500
2010-05-12,12.1,12.1,11.7,11.8,11.8,34000
2010-05-13,11.7,11.7,11.7,11.7,11.7,10000
2010-05-14,11.9,11.9,11.9,11.9,11.9,100
2010-05-19,11.3,11.4,11.2,11.2,11.2,12000
2010-05-24,12,12,11.3,11.3,11.3,10200
2010-05-25,11,11,10.6,10.6,10.6,33000
2010-05-27,10.3,11.8,10.3,11.8,11.8,1500
2010-06-01,11.2,11.5,11,11,11,24400
2010-06-02,11.1,11.1,11.1,11.1,11.1,5000
2010-06-04,11.1,11.2,10.8,11.2,11.2,40000
2010-06-07,11,11,11,11,11,1075
2010-06-08,11,11.6,11,11.4,11.4,28100
2010-06-09,11.6,12.1,11.4,11.9,11.9,81100
2010-06-10,12.1,12.3,11.8,11.8,11.8,37426
2010-06-11,11.9,12.2,11.9,12.2,12.2,24834
2010-06-14,12.3,13.6,12.3,12.9,12.9,312129
2010-06-15,12.9,13.6,12.4,12.7,12.7,113925
2010-06-16,12.7,12.7,12.7,12.7,12.7,1000
2010-06-17,12.6,12.6,12.5,12.5,12.5,6075
2010-06-18,12.5,12.8,12.5,12.8,12.8,26000
2010-06-22,13,13,12.9,12.9,12.9,8615
2010-06-23,12.6,12.6,12.3,12.3,12.3,12200
2010-06-24,12.5,12.5,12,12,12,55360
2010-06-25,12,12,11.9,11.9,11.9,8015
2010-06-29,12.3,12.3,12.3,12.3,12.3,3000
2010-06-30,12,12.3,12,12.3,12.3,2000
2010-07-02,12.3,12.5,12.1,12.5,12.5,25800
2010-07-05,12.5,13,12.4,12.4,12.4,87000
2010-07-06,12.5,12.5,12.4,12.5,12.5,60900
2010-07-07,12.5,12.9,12.5,12.5,12.5,39275
2010-07-08,12.5,12.5,12.5,12.5,12.5,8400
2010-07-09,12.8,12.8,12.7,12.8,12.8,23250
2010-07-12,12.9,13.8,12.9,13.8,13.8,235680
2010-07-13,13.9,14,13.3,13.3,13.3,66430
2010-07-14,13.5,13.6,13.4,13.5,13.5,26800
2010-07-15,13.5,13.6,13.2,13.2,13.2,47550
2010-07-16,13.3,13.4,13.2,13.3,13.3,9685
2010-07-19,13.5,15.3,13.5,15,15,384735
2010-07-20,15,15,14,14.1,14.1,64200
2010-07-21,14.5,16.4,14.5,15.9,15.9,261825
2010-07-22,16.8,17.5,16.2,16.7,16.7,395140
2010-07-23,16.7,17.3,16,16.1,16.1,148600
2010-07-27,16.3,16.3,16.2,16.2,16.2,63600
2010-07-28,16.2,16.3,15.9,16.3,16.3,170500
2010-07-29,16,16.3,16,16.3,16.3,30700
2010-07-30,16.4,16.8,16.4,16.7,16.7,41200
2010-08-02,16.9,18.2,16.9,18,18,212800
2010-08-03,18,18.8,17.4,17.8,17.8,107100
2010-08-04,18.2,18.2,17.3,17.3,17.3,25100
2010-08-05,17.5,17.5,17,17.1,17.1,55900
2010-08-06,17.5,17.5,17.4,17.4,17.4,29700
2010-08-09,18.2,19.5,18.2,19.4,19.4,168800
2010-08-10,19.3,19.9,19,19.9,19.9,207700
2010-08-11,19.9,20.3,19.9,20.1,20.1,55000
2010-08-16,20,20,19.6,19.6,19.6,39100
2010-08-17,19.5,20,19.3,20,20,10400
2010-08-18,19.5,20,19.5,19.7,19.7,94200
2010-08-19,19.7,20.7,19.7,20.4,20.4,193000
2010-08-20,20.8,21.9,20.8,21.6,21.6,254000
2010-08-23,22,22.1,21.8,21.9,21.9,59700
2010-08-24,21.7,21.9,21.5,21.5,21.5,22900
2010-08-25,21.5,21.5,21.3,21.3,21.3,42700
2010-08-26,21.5,21.5,21.5,21.5,21.5,13900
2010-08-27,21.6,21.6,21.3,21.6,21.6,31500
2010-08-30,21.5,21.5,21,21.5,21.5,78700
2010-08-31,21.1,21.1,20.9,20.9,20.9,99000
2010-09-01,21,21.2,20.8,21,21,100000
2010-09-02,21.2,21.2,20.6,21.1,21.1,183300
2010-09-03,21.3,22.2,21.3,21.9,21.9,168300
2010-09-06,21.5,21.8,21.2,21.8,21.8,106600
2010-09-08,21.1,21.5,21.1,21.5,21.5,3900
2010-09-09,21.1,21.1,21,21,21,7600
2010-09-10,21.1,21.5,21.1,21.4,21.4,32700
2010-09-13,21.5,21.7,21.5,21.5,21.5,18600
2010-09-14,21.3,21.3,21.2,21.2,21.2,3700
2010-09-15,21.1,21.1,21,21,21,4000
2010-09-17,21,21,20.9,20.9,20.9,15400
2010-09-20,20.9,21.4,20.9,21.4,21.4,2600
2010-09-21,21.4,22.3,21.4,22.1,22.1,56900
2010-09-22,22.3,22.3,22,22,22,23000
2010-09-23,22.2,22.2,22.2,22.2,22.2,15000
2010-09-27,22.3,22.7,22.3,22.4,22.4,54700
2010-09-28,22.7,23.9,22.7,23.9,23.9,95800
2010-09-29,24.1,24.6,24.1,24.5,24.5,50100
2010-09-30,24.6,24.6,24.4,24.4,24.4,5600
2010-10-01,24.4,24.5,24.3,24.5,24.5,7400
2010-10-04,24,24.5,23.5,23.6,23.6,31000
2010-10-05,23.5,23.9,23.5,23.9,23.9,2600
2010-10-06,23.6,23.8,23.5,23.8,23.8,24100
2010-10-07,23.8,23.8,23.5,23.5,23.5,17000
2010-10-08,23.4,23.4,23.4,23.4,23.4,1100
2010-10-11,23.7,23.8,23.7,23.8,23.8,2000
2010-10-12,23.8,24.2,23.8,24.2,24.2,12100
2010-10-13,24.2,24.5,24,24,24,12600
2010-10-14,24.5,24.7,24.5,24.7,24.7,28100
2010-10-15,24.9,28.25,24.9,28,28,232800
2010-10-18,28.25,28.25,27,28,28,51900
2010-10-19,27,27.25,27,27,27,24600
2010-10-20,27.25,27.25,27.25,27.25,27.25,600
2010-10-21,27.75,27.75,27.25,27.25,27.25,15500
2010-10-26,27.25,27.25,27.25,27.25,27.25,11500
2010-10-27,27.25,27.25,27.25,27.25,27.25,3100
2010-10-28,27.75,28,27.75,28,28,4000
2010-10-29,28.25,28.25,28.25,28.25,28.25,1000
2010-11-01,28.5,29.5,28.5,29.5,29.5,49900
2010-11-02,29.75,29.75,29.25,29.5,29.5,5400
2010-11-03,29.5,29.5,29.5,29.5,29.5,1000
2010-11-04,28.5,28.5,28.5,28.5,28.5,2000
2010-11-05,28.5,28.5,27.75,27.75,27.75,4500
2010-11-08,27.75,27.75,26,26.5,26.5,33100
2010-11-09,26.75,27,26.75,27,27,22500
2010-11-10,27,27,26.5,26.5,26.5,10400
2010-11-11,26.25,26.75,26,26.75,26.75,21800
2010-11-12,26,26,26,26,26,8000
2010-11-15,25.75,26.75,25,26.75,26.75,20500
2010-11-16,26.75,26.75,26,26,26,7600
2010-11-17,25.5,25.5,25.25,25.5,25.5,10800
2010-11-18,26.25,26.25,26.25,26.25,26.25,1100
2010-11-22,26.5,26.5,25.75,26,26,6600
2010-11-23,26.25,26.25,25.75,25.75,25.75,3500
2010-11-24,26,26,26,26,26,10500
2010-11-25,26,26,26,26,26,2600
2010-12-01,26.25,26.25,26.25,26.25,26.25,5000
2010-12-02,26.75,26.75,26.75,26.75,26.75,10100
2010-12-03,25.75,25.75,25.75,25.75,25.75,2000
2010-12-07,26.25,26.25,25.75,25.75,25.75,65500
2010-12-08,27,27.75,26.5,27,27,38100
2010-12-09,27,27.75,27,27.25,27.25,11200
2010-12-13,27.25,28,27,27,27,21100
2010-12-15,27.5,27.5,27.5,27.5,27.5,500
2010-12-16,27.25,27.5,27,27.5,27.5,8800
2010-12-17,27.5,27.5,27,27,27,7700
2010-12-28,27,27,27,27,27,1000
2010-12-29,27.5,28,27.5,28,28,3000
2011-01-07,28,28,26.25,27.5,27.5,12000
2011-01-10,28.75,28.75,28.75,28.75,28.75,3000
2011-01-12,28.5,28.5,28.5,28.5,28.5,400
2011-01-13,27.25,27.25,27.25,27.25,27.25,1000
2011-01-14,27.5,28,27.5,28,28,6600
2011-01-17,27.5,27.75,27.5,27.75,27.75,3100
2011-01-18,27.75,27.75,27.75,27.75,27.75,3300
2011-01-20,27.75,27.75,27.5,27.5,27.5,22600
2011-01-21,27.5,27.5,27.25,27.25,27.25,20600
2011-01-24,24.5,24.5,24.5,24.5,24.5,2000
2011-02-01,25.5,25.5,25.5,25.5,25.5,5000
2011-02-03,25.25,26,25.25,26,26,300
2011-02-04,26,26,25,25.75,25.75,10600
2011-02-14,25.25,25.25,25,25,25,10000
2011-02-17,26,26.5,26,26.25,26.25,6000
2011-02-21,27,27.25,26.75,27,27,27400
2011-02-22,27.75,28.25,27.75,28,28,31400
2011-02-23,28.25,28.75,28.25,28.25,28.25,11400
2011-02-24,28,28,27.5,27.5,27.5,5100
2011-02-25,27.5,27.5,27.5,27.5,27.5,8400
2011-02-28,27.25,28,27.25,27.75,27.75,12600
2011-03-01,28,28,28,28,28,1000
2011-03-02,28.25,28.5,28.25,28.5,28.5,4800
2011-03-03,28.5,28.5,28.5,28.5,28.5,10800
2011-03-04,28.75,28.75,28.75,28.75,28.75,3100
2011-03-08,28.75,28.75,28.75,28.75,28.75,6000
2011-03-09,28.25,28.25,28.25,28.25,28.25,800
2011-03-10,28.5,28.5,28.5,28.5,28.5,300
2011-03-11,28.75,28.75,28.75,28.75,28.75,7900
2011-03-14,28.75,28.75,28.75,28.75,28.75,6300
2011-03-15,28.75,28.75,28.75,28.75,28.75,6500
2011-03-16,28.75,29,28.75,29,29,3500
2011-03-17,29,29,29,29,29,1600
2011-03-18,29,29.25,29,29.25,29.25,6000
2011-03-21,30,30,30,30,30,1500
2011-03-23,29.25,30,29.25,30,30,600
2011-03-24,29.25,30,29.25,30,30,1200
2011-03-25,31.5,32.5,31.5,31.5,31.5,7800
2011-03-30,28.25,31.5,28.25,31.5,31.5,300
2011-04-04,31.5,31.5,31.5,31.5,31.5,2200
2011-04-08,31.5,31.5,31.5,31.5,31.5,5000
2011-04-12,30,30,30,30,30,3400
2011-04-18,30,30,30,30,30,900
2011-04-19,30.25,30.25,30.25,30.25,30.25,600
2011-04-25,30,30,30,30,30,1100
2011-04-28,32.75,33,32.75,33,33,1500
2011-05-06,20.1,20.1,20.1,20.1,20.1,100
2011-05-09,30,31,30,31,31,900
2011-05-10,32,32,31,31,31,200
2011-05-11,31.25,34.5,31.25,34.5,34.5,400
2011-05-18,33.75,33.75,33.75,33.75,33.75,200
2011-06-06,32.25,32.25,32.25,32.25,32.25,1800
2011-06-13,30,31,30,31,31,5000
2011-06-24,26.25,30.5,26.25,30.5,30.5,900
2011-06-27,30,30,30,30,30,300
2011-06-28,30,30,30,30,30,100
2011-07-07,34,34,34,34,34,200
2011-07-08,33.5,34,33.5,34,34,400
2011-07-13,33,33,32,32,32,600
2011-07-14,31,31,31,31,31,500
2011-07-19,32.5,32.5,32.5,32.5,32.5,5000
2011-07-20,32.5,32.5,30,32.5,32.5,10700
2011-07-22,32.5,32.5,32.5,32.5,32.5,300
2011-07-25,32,32,32,32,32,700
2011-07-28,32.5,32.5,32,32,32,4200
2011-08-02,34,37,34,37,37,5500
2011-08-03,37,37,37,37,37,7200
2011-09-16,36.25,36.25,30,30.25,30.25,300
2011-09-21,30,31.25,30,31.25,31.25,2000
2011-09-22,30,30,28,28,28,1300
2011-09-23,26,26,26,26,26,4000
2011-11-08,31,31,31,31,31,2000
2011-11-10,29.25,29.25,29.25,29.25,29.25,200
2011-11-17,29.25,29.25,29.25,29.25,29.25,900
2011-12-01,30,30,30,30,30,300
2011-12-21,30,30,30,30,30,2800
2011-12-22,30,30,30,30,30,1000
2012-01-05,34.5,34.5,34.5,34.5,34.5,100
2012-01-09,34.75,35,34.75,35,35,3500
2012-01-10,35,37,35,37,37,3200
2012-01-11,30.25,30.25,30.25,30.25,30.25,100
2012-01-13,30.25,30.25,30.25,30.25,30.25,300
2012-01-16,30.25,32.5,30.25,32.5,32.5,400
2012-01-18,32,32,32,32,32,1000
2012-01-19,32.5,32.5,32,32,32,500
2012-01-20,31,32.5,31,32.5,32.5,300
2012-01-23,35.5,35.5,35.5,35.5,35.5,500
2012-01-24,35.5,35.5,34,34,34,2300
2012-01-27,34.75,35,34.75,35,35,11000
2012-02-01,35,35,35,35,35,300
2012-02-02,34,34,34,34,34,100
2012-02-03,34,34,34,34,34,1000
2012-02-07,31.25,34,31.25,34,34,11000
2012-02-08,34.5,35,34.5,35,35,12400
2012-02-09,35,35,34.5,34.5,34.5,9100
2012-02-10,34.25,34.25,34,34.25,34.25,700
2012-02-14,35,35,34.5,34.5,34.5,11000
2012-02-15,34.25,34.25,34.25,34.25,34.25,200
2012-02-16,35,35,35,35,35,100
2012-02-17,35,35,34.5,34.5,34.5,3000
2012-02-20,36,36.5,36,36.5,36.5,10800
2012-02-21,37,37.75,37,37,37,8900
2012-02-22,37,37,36,37,37,14000
2012-02-23,36,36.25,36,36,36,13000
2012-02-24,36.5,37.25,36.5,36.5,36.5,15000
2012-02-27,36.5,37,36.5,37,37,8100
2012-02-28,37.75,38,37.75,38,38,1400
2012-02-29,38.5,38.5,38.5,38.5,38.5,500
2012-03-14,39,39,39,39,39,6700
2012-03-15,40,40,40,40,40,300
2012-03-19,40,42,40,42,42,1100
2012-03-30,42,42,42,42,42,5000
2012-04-03,42,42,42,42,42,300
2012-04-10,40.75,40.75,40.75,40.75,40.75,1000
2012-04-17,42.75,42.75,42.75,42.75,42.75,100
2012-05-02,42,42,42,42,42,3500
2012-05-03,43.5,43.5,43.5,43.5,43.5,800
2012-05-08,42,42,41.75,41.75,41.75,16500
2012-05-14,40,40,40,40,40,1000
2012-05-15,34.5,34.5,34.25,34.25,34.25,2400
2012-05-16,39,39,34,34,34,200
2012-05-18,34.75,35,34.75,35,35,500
2012-06-05,34.25,34.25,34,34,34,1500
2012-06-07,34,34,34,34,34,700
2012-06-11,36.5,36.5,36.5,36.5,36.5,300
2012-06-18,39,39,39,39,39,11500
2012-06-21,36,36,36,36,36,1500
2012-07-19,34.25,41,34.25,41,41,1100
2012-07-20,34.25,34.25,34.25,34.25,34.25,1500
2012-07-26,41.75,41.75,41.75,41.75,41.75,100
2012-07-27,31.75,31.75,31.75,31.75,31.75,300
2012-07-30,41.25,41.25,41.25,41.25,41.25,100
2012-08-06,35.25,36,35.25,36,36,1500
2012-08-07,37,37,37,37,37,300
2012-08-08,37,37,37,37,37,100
2012-08-09,37,37,37,37,37,100
2012-08-10,36.5,36.5,36.5,36.5,36.5,100
2012-08-14,36.5,36.5,36.5,36.5,36.5,3000
2012-08-15,36.5,36.5,36,36,36,3700
2012-08-21,35.75,35.75,35.75,35.75,35.75,300
2012-08-22,36.25,36.5,36.25,36.25,36.25,5200
2012-08-23,36.25,36.25,35,35,35,3100
2012-08-27,35.25,35.25,35.25,35.25,35.25,100
2012-08-28,35,35,35,35,35,300
2012-08-30,34,34,34,34,34,1200
2012-08-31,34,34.25,34,34.25,34.25,8100
2012-09-03,34.75,35,34.75,34.75,34.75,3100
