Date,Open,High,Low,Close,Adj Close,Volume
2007-01-29,5.05,5.05,4.32,4.4,4.4,17581500
2007-01-30,4.36,4.42,4.22,4.3,4.3,5361501
2007-01-31,4.36,4.48,4.2,4.26,4.26,4273600
2007-02-01,4.26,4.34,4.22,4.32,4.32,944200
2007-02-02,4.34,4.42,4.32,4.36,4.36,1529600
2007-02-05,4.38,4.38,4.3,4.3,4.3,284000
2007-02-06,4.3,4.58,4.3,4.56,4.56,4287900
2007-02-07,4.56,4.86,4.56,4.82,4.82,7809100
2007-02-08,4.88,4.94,4.8,4.8,4.8,3761100
2007-02-09,4.84,4.84,4.66,4.72,4.72,1585401
2007-02-12,4.76,4.76,4.6,4.66,4.66,121000
2007-02-13,4.66,4.7,4.58,4.7,4.7,330000
2007-02-14,4.72,4.76,4.7,4.72,4.72,191300
2007-02-15,4.74,4.74,4.68,4.68,4.68,314000
2007-02-16,4.7,4.8,4.66,4.66,4.66,1116200
2007-02-19,4.68,4.74,4.62,4.62,4.62,390600
2007-02-20,4.64,4.68,4.62,4.68,4.68,629600
2007-02-21,4.72,4.8,4.7,4.76,4.76,1537500
2007-02-22,4.8,4.94,4.8,4.86,4.86,2602500
2007-02-23,4.9,5,4.8,4.8,4.8,2923600
2007-02-26,4.86,4.9,4.84,4.84,4.84,192100
2007-02-27,4.84,4.84,4.72,4.72,4.72,261600
2007-02-28,4.62,4.62,4.54,4.56,4.56,726000
2007-03-01,4.8,4.8,4.62,4.68,4.68,59100
2007-03-02,4.68,4.78,4.68,4.78,4.78,105601
2007-03-06,4.7,4.7,4.7,4.7,4.7,57700
2007-03-07,4.7,4.7,4.7,4.7,4.7,326600
2007-03-08,4.7,4.72,4.7,4.7,4.7,79000
2007-03-09,4.72,4.72,4.68,4.68,4.68,95000
2007-03-12,4.7,4.7,4.7,4.7,4.7,4000
2007-03-13,4.7,4.7,4.68,4.68,4.68,49000
2007-03-14,4.7,4.7,4.64,4.68,4.68,60200
2007-03-15,4.68,4.7,4.68,4.68,4.68,14600
2007-03-16,4.68,4.7,4.68,4.7,4.7,11400
2007-03-19,4.7,4.7,4.66,4.66,4.66,19300
2007-03-20,4.7,4.7,4.66,4.66,4.66,121000
2007-03-21,4.66,4.66,4.66,4.66,4.66,72000
2007-03-22,4.7,4.7,4.66,4.66,4.66,12000
2007-03-23,4.68,4.68,4.68,4.68,4.68,20000
2007-03-26,4.68,4.7,4.68,4.68,4.68,121100
2007-03-27,4.7,4.7,4.7,4.7,4.7,73300
2007-03-28,4.7,4.7,4.66,4.66,4.66,384700
2007-03-29,4.66,4.66,4.66,4.66,4.66,17000
2007-03-30,4.7,4.7,4.7,4.7,4.7,20000
2007-04-02,4.7,4.74,4.7,4.7,4.7,49500
2007-04-03,4.7,4.7,4.26,4.38,4.38,27000
2007-04-04,4.38,4.46,4.38,4.4,4.4,26700
2007-04-05,4.4,4.4,4.36,4.4,4.4,1100
2007-04-09,4.38,4.48,4.38,4.48,4.48,25600
2007-04-10,4.38,4.54,4.38,4.54,4.54,11000
2007-04-11,4.52,4.52,4.4,4.52,4.52,13100
2007-04-12,4.4,4.5,4.4,4.5,4.5,1000
2007-04-17,4.54,4.54,4.4,4.5,4.5,8100
2007-04-18,4.48,4.48,4.32,4.48,4.48,702
2007-04-19,4.38,4.38,4.38,4.38,4.38,30000
2007-04-20,4.38,4.38,4.38,4.38,4.38,3700
2007-04-23,4.38,4.38,4.38,4.38,4.38,3500
2007-04-24,4.38,4.5,4.38,4.5,4.5,13000
2007-04-26,4.46,4.46,4.46,4.46,4.46,2500
2007-04-27,4.32,4.4,4.32,4.4,4.4,10100
2007-04-30,4.36,4.38,4.2,4.2,4.2,34500
2007-05-02,4.4,4.4,4.4,4.4,4.4,12501
2007-05-03,4.4,4.4,4.28,4.28,4.28,66500
2007-05-04,4.28,4.36,4.28,4.36,4.36,2202
2007-05-09,4.24,4.28,4.2,4.28,4.28,58200
2007-05-10,4.24,4.24,4.18,4.2,4.2,87000
2007-05-11,4.16,4.24,4.12,4.18,4.18,42800
2007-05-16,4.3,4.32,4.28,4.32,4.32,56200
2007-05-18,4.32,4.38,4.32,4.36,4.36,74800
2007-05-22,4.4,4.44,4.4,4.42,4.42,94800
2007-05-23,4.4,4.42,4.4,4.42,4.42,45700
2007-05-24,4.4,4.4,4.36,4.38,4.38,207900
2007-05-25,4.38,4.42,4.3,4.3,4.3,199400
2007-05-28,4.3,4.34,4.3,4.34,4.34,20300
2007-05-29,4.2,4.38,4.2,4.3,4.3,7800
2007-05-30,4.28,4.38,4.28,4.28,4.28,22200
2007-06-01,4.34,4.42,4.34,4.42,4.42,100800
2007-06-04,4.4,4.54,4.4,4.54,4.54,83500
2007-06-05,4.54,4.54,4.4,4.4,4.4,30500
2007-06-06,4.4,4.46,4.4,4.46,4.46,9100
2007-06-08,4.48,4.48,4.48,4.48,4.48,15100
2007-06-11,4.42,4.42,4.36,4.36,4.36,60000
2007-06-12,4.42,4.46,4.42,4.44,4.44,1500
2007-06-13,4.42,4.42,4.38,4.4,4.4,20000
2007-06-14,4.32,4.44,4.32,4.44,4.44,84091
2007-06-15,4.44,4.46,4.44,4.46,4.46,124500
2007-06-18,4.46,4.46,4.46,4.46,4.46,38200
2007-06-19,4.46,4.48,4.46,4.48,4.48,8500
2007-06-20,4.5,4.56,4.5,4.56,4.56,405000
2007-06-21,4.56,4.58,4.42,4.54,4.54,147900
2007-06-22,4.52,4.54,4.5,4.54,4.54,160700
2007-06-25,4.48,4.48,4.46,4.48,4.48,56000
2007-06-26,4.54,4.54,4.54,4.54,4.54,21000
2007-06-27,4.56,4.56,4.48,4.48,4.48,208900
2007-06-28,4.52,4.54,4.48,4.54,4.54,77000
2007-06-29,4.56,4.58,4.54,4.54,4.54,136400
2007-07-02,4.54,4.54,4.5,4.52,4.52,148000
2007-07-03,4.56,4.56,4.5,4.54,4.54,302200
2007-07-04,4.58,4.7,4.54,4.7,4.7,791100
2007-07-05,4.68,4.8,4.64,4.8,4.8,428000
2007-07-06,4.8,5,4.8,4.92,4.92,934900
2007-07-09,4.98,4.98,4.86,4.86,4.86,111100
2007-07-10,4.84,4.9,4.84,4.9,4.9,105400
2007-07-11,4.86,4.88,4.84,4.84,4.84,62000
2007-07-12,4.86,4.88,4.8,4.86,4.86,300000
2007-07-13,4.9,4.9,4.84,4.86,4.86,99000
2007-07-16,4.9,4.9,4.82,4.82,4.82,322100
2007-07-17,4.9,5,4.84,4.98,4.98,1132000
2007-07-18,5.15,5.85,5.15,5.75,5.75,16038700
2007-07-19,5.85,5.9,5.6,5.75,5.75,5426400
2007-07-20,5.8,6,5.8,5.8,5.8,8822700
2007-07-23,5.95,6.45,5.85,6.35,6.35,15172900
2007-07-24,6.35,6.4,6.1,6.15,6.15,3809500
2007-07-25,6.35,6.35,6,6,6,2172600
2007-07-26,6.05,6.05,5.75,5.8,5.8,2382300
2007-07-27,5.7,5.95,5.7,5.75,5.75,1411400
2007-07-31,5.8,6.05,5.75,6.05,6.05,1218000
2007-08-01,6,6.15,5.85,5.9,5.9,1630500
2007-08-02,6,6,5.8,5.95,5.95,906200
2007-08-03,5.95,6,5.8,5.9,5.9,917300
2007-08-06,5.85,6.1,5.85,5.85,5.85,2021100
2007-08-07,5.9,5.9,5.8,5.8,5.8,511000
2007-08-08,5.85,5.85,5.75,5.8,5.8,1163800
2007-08-09,5.8,6.1,5.8,5.9,5.9,2236000
2007-08-10,5.75,5.95,5.75,5.85,5.85,763800
2007-08-14,5.85,5.85,5.75,5.8,5.8,319400
2007-08-15,5.8,5.8,5.6,5.7,5.7,519700
2007-08-16,5.65,5.7,5.5,5.7,5.7,231600
2007-08-17,5.6,5.7,5.4,5.7,5.7,303000
2007-08-20,5.9,5.9,5.7,5.8,5.8,231700
2007-08-21,5.8,6,5.7,5.85,5.85,1058300
2007-08-22,5.85,5.9,5.8,5.8,5.8,430000
2007-08-23,5.8,5.8,5.55,5.6,5.6,283500
2007-08-24,5.6,5.6,5.5,5.5,5.5,198700
2007-08-27,5.5,5.5,5.4,5.4,5.4,403200
2007-08-28,5.35,5.35,5.25,5.25,5.25,59800
2007-08-29,5.15,5.3,5.15,5.3,5.3,77200
2007-08-30,5.3,5.45,5.25,5.45,5.45,109900
2007-08-31,5.35,5.45,5.35,5.4,5.4,13600
2007-09-03,5.3,5.35,5.25,5.35,5.35,179200
2007-09-04,5.45,5.45,5.25,5.25,5.25,239600
2007-09-05,5.35,5.4,5.25,5.3,5.3,33400
2007-09-06,5.2,5.3,5.2,5.3,5.3,76700
2007-09-07,5.25,5.3,5.2,5.2,5.2,114500
2007-09-10,5.2,5.4,5.2,5.4,5.4,87200
2007-09-11,5.3,5.35,5.3,5.35,5.35,129600
2007-09-12,5.3,5.3,5.3,5.3,5.3,12000
2007-09-13,5.3,5.3,5.2,5.2,5.2,71000
2007-09-14,5.25,5.25,5.25,5.25,5.25,22000
2007-09-17,5.25,5.3,5.25,5.3,5.3,8200
2007-09-18,5.2,5.3,5.2,5.3,5.3,27000
2007-09-19,5.3,5.4,5.3,5.4,5.4,212900
2007-09-20,5.3,5.3,5.3,5.3,5.3,7500
2007-09-21,5.4,5.4,5.25,5.35,5.35,190900
2007-09-24,5.35,5.4,5.25,5.4,5.4,80500
2007-09-25,5.4,5.4,5.35,5.4,5.4,38500
2007-09-26,5.35,5.35,5.25,5.35,5.35,273100
2007-09-27,5.25,5.35,5.2,5.3,5.3,125500
2007-09-28,5.25,5.35,5.2,5.35,5.35,189700
2007-10-01,5.35,5.35,5.3,5.35,5.35,50400
2007-10-02,5.3,5.3,5.25,5.25,5.25,59900
2007-10-03,5.25,5.25,5.2,5.25,5.25,86700
2007-10-04,5.2,5.3,5.2,5.3,5.3,190500
2007-10-05,5.35,5.5,5.3,5.5,5.5,615300
2007-10-08,5.5,5.65,5.4,5.4,5.4,552000
2007-10-09,5.45,5.45,5.35,5.35,5.35,76000
2007-10-10,5.4,5.4,5.3,5.4,5.4,93000
2007-10-11,5.3,5.4,5.3,5.35,5.35,200000
2007-10-12,5.3,5.35,5.25,5.35,5.35,162500
2007-10-15,5.3,5.3,5.2,5.3,5.3,170200
2007-10-16,5.2,5.2,5.15,5.15,5.15,238700
2007-10-17,5.15,5.2,5.05,5.05,5.05,275100
2007-10-18,5.05,5.1,5.05,5.05,5.05,124500
2007-10-19,5,5,4.98,4.98,4.98,498500
2007-10-22,5,5.05,5,5.05,5.05,69600
2007-10-24,5.1,5.1,5.1,5.1,5.1,1000
2007-10-25,5,5,4.96,4.96,4.96,78200
2007-10-26,5,5,5,5,5,8800
2007-10-29,4.98,5,4.9,4.96,4.96,199100
2007-10-30,4.96,4.96,4.9,4.9,4.9,167500
2007-10-31,4.9,4.94,4.84,4.88,4.88,260200
2007-11-01,4.9,4.92,4.82,4.84,4.84,261500
2007-11-02,4.82,4.82,4.76,4.78,4.78,324600
2007-11-05,4.78,4.78,4.72,4.72,4.72,99600
2007-11-06,4.74,4.74,4.74,4.74,4.74,24900
2007-11-07,4.82,4.82,4.74,4.76,4.76,20600
2007-11-08,4.78,4.78,4.7,4.72,4.72,26100
2007-11-09,4.74,4.76,4.72,4.74,4.74,86500
2007-11-12,4.72,4.72,4.7,4.7,4.7,44700
2007-11-13,4.7,4.72,4.7,4.7,4.7,37700
2007-11-14,4.5,4.68,4.4,4.42,4.42,623800
2007-11-15,4.44,4.44,4.42,4.42,4.42,49400
2007-11-16,4.42,4.42,4.3,4.36,4.36,122700
2007-11-19,4.32,4.4,4.2,4.24,4.24,1346300
2007-11-20,4.2,4.22,4,4,4,238500
2007-11-21,4,4.02,3.96,4,4,336300
2007-11-22,4,4.04,4,4,4,59100
2007-11-23,4,4.02,3.98,3.98,3.98,162500
2007-11-26,4,4,3.94,3.98,3.98,131800
2007-11-27,4,4.02,4,4.02,4.02,37200
2007-11-28,4.02,4.04,3.98,3.98,3.98,53100
2007-11-29,4,4.02,4,4,4,179700
2007-11-30,4,4,3.98,4,4,157900
2007-12-03,3.98,3.98,3.98,3.98,3.98,41000
2007-12-04,3.96,3.96,3.96,3.96,3.96,27800
2007-12-06,3.98,4,3.96,4,4,64000
2007-12-11,4,4,4,4,4,100
2007-12-12,3.96,4,3.94,4,4,36000
2007-12-13,3.96,4,3.94,4,4,32000
2007-12-14,4,4,4,4,4,1000
2007-12-17,3.98,3.98,3.96,3.96,3.96,10000
2007-12-18,3.96,3.96,3.96,3.96,3.96,16000
2007-12-19,3.96,3.96,3.94,3.94,3.94,41200
2007-12-20,3.94,3.94,3.88,3.88,3.88,110600
2007-12-21,3.96,3.96,3.9,3.9,3.9,51200
2007-12-25,3.92,3.94,3.92,3.92,3.92,31900
2007-12-26,3.86,3.9,3.74,3.74,3.74,150900
2007-12-27,3.74,3.78,3.7,3.7,3.7,107300
2007-12-28,3.7,3.78,3.7,3.76,3.76,58500
2008-01-02,3.74,3.76,3.7,3.7,3.7,34000
2008-01-03,3.7,3.74,3.7,3.72,3.72,24900
2008-01-04,3.72,3.72,3.68,3.72,3.72,59400
2008-01-07,3.72,3.74,3.64,3.64,3.64,40100
2008-01-08,3.66,3.66,3.64,3.64,3.64,16100
2008-01-09,3.66,3.66,3.66,3.66,3.66,100
2008-01-10,3.66,3.66,3.58,3.62,3.62,39500
2008-01-11,3.58,3.6,3.58,3.6,3.6,23000
2008-01-14,3.6,3.6,3.36,3.36,3.36,116900
2008-01-15,3.36,3.36,2.5,3,3,113200
2008-01-16,3,3.12,2.98,3.12,3.12,333500
2008-01-17,3.1,3.18,3.1,3.14,3.14,107000
2008-01-18,3.14,3.22,3.14,3.2,3.2,229900
2008-01-21,3.2,3.2,3.18,3.18,3.18,64700
2008-01-22,3.16,3.16,3.06,3.12,3.12,179200
2008-01-23,3.14,3.14,3.1,3.1,3.1,78400
2008-01-24,3.12,3.12,3.12,3.12,3.12,100
2008-01-25,3.06,3.08,3,3.08,3.08,103100
2008-01-28,3.08,3.08,2.96,3,3,86500
2008-01-29,3.06,3.06,3.06,3.06,3.06,10400
2008-01-30,3.02,3.06,3.02,3.06,3.06,15600
2008-01-31,3.04,3.06,3.04,3.04,3.04,22000
2008-02-01,3.04,3.08,3.04,3.08,3.08,140900
2008-02-04,3.08,3.08,2.4,3.04,3.04,441000
2008-02-05,3.06,3.08,3.06,3.08,3.08,10100
2008-02-06,3.06,3.2,2.98,2.98,2.98,87200
2008-02-07,3,3.02,3,3.02,3.02,24700
2008-02-08,3.02,3.06,3,3,3,129500
2008-02-11,3.02,3.04,2.98,3.04,3.04,65200
2008-02-12,3.04,3.04,3,3,3,92500
2008-02-13,3.02,3.04,3.02,3.02,3.02,95100
2008-02-14,3.06,3.18,3.04,3.1,3.1,875400
2008-02-15,3.1,3.2,3.1,3.12,3.12,227000
2008-02-18,3.12,3.12,3.06,3.06,3.06,154000
2008-02-19,3.06,3.12,3.06,3.08,3.08,59800
2008-02-20,3.08,3.08,3.04,3.04,3.04,58200
2008-02-22,3.04,3.06,3.02,3.06,3.06,58000
2008-02-25,3.06,3.08,3.06,3.08,3.08,40100
2008-02-26,3.1,3.1,3,3.02,3.02,202500
2008-02-27,3.12,3.16,3.1,3.16,3.16,533200
2008-02-28,3.16,3.18,3.14,3.14,3.14,210500
2008-02-29,3.14,3.14,2.9,2.96,2.96,752114
2008-03-03,2.96,3.02,2.96,2.96,2.96,317100
2008-03-04,3,3.04,3,3,3,741200
2008-03-05,3,3,2.98,2.98,2.98,467300
2008-03-06,3,3.02,2.98,3.02,3.02,739200
2008-03-07,3.02,3.14,2.98,3.12,3.12,988800
2008-03-10,3.14,3.34,3.14,3.26,3.26,3191200
2008-03-11,3.32,3.48,3.28,3.38,3.38,1837100
2008-03-12,3.44,3.88,3.44,3.88,3.88,2380600
2008-03-13,3.88,3.88,3.62,3.7,3.7,687012
2008-03-14,3.86,3.96,3.7,3.7,3.7,1454800
2008-03-17,3.62,3.64,3.6,3.6,3.6,292800
2008-03-18,3.6,3.6,3.4,3.5,3.5,688800
2008-03-19,3.5,3.64,3.5,3.54,3.54,451700
2008-03-20,3.52,3.56,3.5,3.5,3.5,233400
2008-03-21,3.58,3.58,3.4,3.46,3.46,561800
2008-03-24,3.52,3.52,3.46,3.5,3.5,308200
2008-03-25,3.5,3.52,3.44,3.46,3.46,301100
2008-03-26,3.46,3.48,3.4,3.46,3.46,488400
2008-03-27,3.46,3.46,3.42,3.42,3.42,417000
2008-03-28,3.3,3.3,3.2,3.2,3.2,329402
2008-03-31,3.24,3.24,3.16,3.16,3.16,268100
2008-04-01,3.16,3.2,3.14,3.16,3.16,1428700
2008-04-02,3.2,3.22,3.2,3.2,3.2,3465000
2008-04-03,3.22,3.24,3.22,3.24,3.24,161100
2008-04-04,3.26,3.28,3.2,3.24,3.24,243700
2008-04-08,3.24,3.3,3.22,3.28,3.28,4944260
2008-04-09,3.28,3.36,3.24,3.24,3.24,260600
2008-04-10,3.22,3.22,3.2,3.22,3.22,61500
2008-04-11,3.26,3.3,3.26,3.26,3.26,46700
2008-04-16,3.28,3.28,3.28,3.28,3.28,100
2008-04-17,3.28,3.32,3.28,3.3,3.3,48002
2008-04-18,3.3,3.32,3.26,3.32,3.32,22300
2008-04-21,3.26,3.32,3.26,3.3,3.3,14800
2008-04-22,3.3,3.3,3.24,3.24,3.24,51000
2008-04-23,3.24,3.3,3.24,3.28,3.28,91600
2008-04-24,3.28,3.34,3.28,3.34,3.34,40500
2008-04-25,3.36,3.36,3.24,3.28,3.28,46500
2008-04-28,3.28,3.28,3.26,3.26,3.26,38000
2008-04-29,3.26,3.26,3.2,3.26,3.26,154403
2008-04-30,3.3,3.3,3.24,3.26,3.26,115500
2008-05-02,3.3,3.3,3.2,3.22,3.22,130700
2008-05-06,3.24,3.24,3.2,3.2,3.2,110200
2008-05-07,3.2,3.24,3.18,3.24,3.24,102200
2008-05-08,3.26,3.26,3.26,3.26,3.26,3700
2008-05-09,3.26,3.28,3.18,3.18,3.18,30501
2008-05-12,3.18,3.2,3.14,3.14,3.14,19200
2008-05-13,3.14,3.22,3.14,3.22,3.22,100100
2008-05-14,3.16,3.16,3.16,3.16,3.16,42000
2008-05-15,3.16,3.16,2.9,2.9,2.9,606500
2008-05-16,2.92,3,2.9,3,3,103300
2008-05-20,2.98,2.98,2.86,2.86,2.86,254100
2008-05-21,2.88,2.88,2.78,2.82,2.82,217100
2008-05-22,2.8,2.8,2.7,2.72,2.72,97700
2008-05-23,2.7,2.86,2.68,2.68,2.68,31100
2008-05-26,2.84,2.84,2.84,2.84,2.84,100
2008-05-27,2.78,3.08,2.78,2.8,2.8,13000
2008-05-28,2.82,2.94,2.78,2.78,2.78,202300
2008-05-29,3.04,3.04,2.6,3,3,34600
2008-06-02,2.9,2.9,2.7,2.72,2.72,4200
2008-06-03,2.74,2.74,2.74,2.74,2.74,41400
2008-06-04,2.74,2.82,2.74,2.78,2.78,4900
2008-06-05,2.8,2.8,2.8,2.8,2.8,15600
2008-06-06,2.86,2.86,2.86,2.86,2.86,24300
2008-06-09,2.8,2.8,2.78,2.8,2.8,15200
2008-06-10,2.8,2.8,2.8,2.8,2.8,25800
2008-06-11,2.8,2.8,2.8,2.8,2.8,51100
2008-06-12,2.82,2.82,2.72,2.72,2.72,94400
2008-06-13,2.88,2.88,2.72,2.86,2.86,900
2008-06-16,2.8,2.8,2.78,2.78,2.78,50900
2008-06-17,2.78,3,2.68,3,3,142600
2008-06-20,2.9,2.9,2.8,2.8,2.8,6000
2008-06-23,2.74,2.74,2.38,2.38,2.38,838500
2008-06-24,2.46,2.5,2.26,2.26,2.26,493300
2008-06-25,2.36,2.36,2.28,2.36,2.36,22000
2008-06-26,2.36,2.38,2.32,2.32,2.32,55400
2008-06-27,2.34,2.48,2.32,2.4,2.4,52100
2008-06-30,2.4,2.4,2.28,2.28,2.28,33500
2008-07-02,2.28,2.28,2.28,2.28,2.28,1300
2008-07-03,2.22,2.22,2.16,2.2,2.2,49200
2008-07-04,2.2,2.24,2.2,2.24,2.24,11600
2008-07-07,2.28,2.28,2.18,2.18,2.18,72000
2008-07-08,2.16,2.16,2.14,2.14,2.14,300
2008-07-09,2.78,2.78,2.2,2.2,2.2,50100
2008-07-11,2.22,2.22,2.2,2.2,2.2,45000
2008-07-14,2.2,2.2,2.1,2.12,2.12,43000
2008-07-15,2.12,2.48,2.1,2.1,2.1,5300
2008-07-16,2.12,2.12,1.99,2,2,162000
2008-07-18,2.02,2.02,2,2,2,16600
2008-07-21,2,2.08,2,2.08,2.08,14100
2008-07-22,2.1,2.58,2.02,2.02,2.02,38600
2008-07-23,2.04,2.1,2.04,2.06,2.06,9000
2008-07-24,2.2,2.6,2.06,2.06,2.06,20400
2008-07-25,2.08,2.08,2.08,2.08,2.08,17000
2008-07-31,2.16,2.6,2.16,2.26,2.26,9100
2008-08-01,2.1,2.1,2.1,2.1,2.1,10000
2008-08-04,2.08,2.2,2.08,2.14,2.14,284100
2008-08-05,2.14,2.14,2.08,2.08,2.08,43700
2008-08-06,2.08,2.08,2.08,2.08,2.08,13500
2008-08-07,2.08,2.58,2.08,2.08,2.08,37100
2008-08-08,2.08,2.12,2.08,2.1,2.1,22500
2008-08-11,2.12,2.16,2.1,2.1,2.1,17500
2008-08-13,2.06,2.06,2,2.02,2.02,240700
2008-08-14,2.06,2.08,2,2.08,2.08,43400
2008-08-15,2.04,2.04,1.97,1.97,1.97,369600
2008-08-18,1.97,1.98,1.97,1.98,1.98,8100
2008-08-19,2,2,2,2,2,2300
2008-08-20,2,2,2,2,2,2000
2008-08-22,2,2,2,2,2,4700
2008-08-25,1.97,2,1.94,2,2,25300
2008-08-26,1.91,2,1.8,2,2,105100
2008-08-27,2,2.02,2,2.02,2.02,30000
2008-08-28,2.02,2.02,2.02,2.02,2.02,1000
2008-08-29,2.1,2.1,2.1,2.1,2.1,17500
2008-09-01,2.1,2.1,2.04,2.06,2.06,51000
2008-09-02,2.02,2.08,2,2.08,2.08,38800
2008-09-03,2.08,2.08,2.04,2.06,2.06,78100
2008-09-04,2.04,2.04,2.04,2.04,2.04,10000
2008-09-05,2.02,2.02,2,2.02,2.02,104000
2008-09-08,2,2.02,2,2.02,2.02,43100
2008-09-09,2.02,2.02,2,2,2,71000
2008-09-10,2,2.08,2,2,2,54700
2008-09-11,2.02,2.04,1.99,1.99,1.99,335100
2008-09-12,2,2.06,1.99,2,2,225200
2008-09-15,2,2,2,2,2,53000
2008-09-16,2,2.04,1.98,2.04,2.04,251700
2008-09-17,2,2,2,2,2,908900
2008-09-18,2,2,1.94,1.94,1.94,170200
2008-09-19,2,2,1.96,1.96,1.96,451200
2008-09-22,1.96,2,1.96,1.96,1.96,50101
2008-09-24,1.94,1.94,1.94,1.94,1.94,100
2008-09-25,1.95,2,1.95,2,2,900
2008-09-26,1.99,1.99,1.97,1.97,1.97,25700
2008-09-29,1.96,1.96,1.94,1.94,1.94,98500
2008-09-30,1.9,1.97,1.85,1.85,1.85,151100
2008-10-01,1.85,1.85,1.85,1.85,1.85,201
2008-10-02,1.85,1.85,1.85,1.85,1.85,5000
2008-10-03,1.92,1.98,1.92,1.98,1.98,58000
2008-10-06,1.88,1.9,1.88,1.9,1.9,13000
2008-10-08,1.8,1.9,1.7,1.75,1.75,27400
2008-10-09,1.91,1.91,1.8,1.8,1.8,27900
2008-10-10,1.75,1.75,1.7,1.71,1.71,43400
2008-10-13,1.71,1.75,1.71,1.75,1.75,12800
2008-10-14,1.72,1.72,1.72,1.72,1.72,5001
2008-10-15,1.72,1.72,1.72,1.72,1.72,500
2008-10-16,1.72,1.72,1.72,1.72,1.72,117900
2008-10-17,1.8,1.8,1.8,1.8,1.8,12100
2008-10-20,1.8,1.8,1.8,1.8,1.8,7300
2008-10-21,1.86,1.9,1.86,1.9,1.9,1300
2008-10-22,1.92,2,1.92,1.93,1.93,123200
2008-10-24,1.92,1.92,1.85,1.85,1.85,160600
2008-10-27,1.82,1.82,1.8,1.8,1.8,32500
2008-10-29,1.84,1.86,1.7,1.7,1.7,153001
2008-10-30,1.8,1.8,1.8,1.8,1.8,45000
2008-10-31,1.75,1.75,1.75,1.75,1.75,36700
2008-11-03,1.75,1.75,1.7,1.7,1.7,236200
2008-11-04,1.72,1.72,1.72,1.72,1.72,100500
2008-11-05,1.72,1.72,1.72,1.72,1.72,51200
2008-11-06,1.7,1.71,1.7,1.71,1.71,83600
2008-11-07,1.72,1.72,1.7,1.72,1.72,138800
2008-11-10,1.71,1.71,1.7,1.7,1.7,197500
2008-11-11,1.7,1.7,1.7,1.7,1.7,205900
2008-11-12,1.71,1.72,1.71,1.72,1.72,65000
2008-11-13,1.72,1.75,1.72,1.75,1.75,51000
2008-11-14,1.76,1.76,1.73,1.73,1.73,135200
2008-11-17,1.74,1.74,1.73,1.73,1.73,147000
2008-11-18,1.7,1.73,1.7,1.73,1.73,171500
2008-11-20,1.73,1.73,1.72,1.72,1.72,100300
2008-11-21,1.71,1.71,1.71,1.71,1.71,20000
2008-11-24,1.8,1.8,1.7,1.7,1.7,205500
2008-11-25,1.73,1.73,1.72,1.73,1.73,161700
2008-11-27,1.74,1.74,1.74,1.74,1.74,20100
2008-11-28,1.74,1.74,1.74,1.74,1.74,10000
2008-12-01,1.75,1.75,1.74,1.74,1.74,50500
2008-12-04,1.78,1.78,1.78,1.78,1.78,2100
2008-12-08,1.8,2.24,1.8,2.24,2.24,110400
2008-12-09,1.8,1.8,1.8,1.8,1.8,13000
2008-12-15,1.8,1.8,1.8,1.8,1.8,20000
2008-12-16,1.8,1.8,1.8,1.8,1.8,10000
2008-12-17,1.8,1.8,1.8,1.8,1.8,2000
2008-12-18,1.78,1.78,1.78,1.78,1.78,47000
2008-12-22,1.79,1.79,1.79,1.79,1.79,3400
2008-12-23,2.3,2.3,2.3,2.3,2.3,10000
2008-12-30,2.1,2.1,2.1,2.1,2.1,20000
2009-01-05,2.1,2.2,2.1,2.2,2.2,75000
2009-01-06,2.2,2.2,2.2,2.2,2.2,200
2009-01-13,2.2,2.2,2.2,2.2,2.2,100
2009-01-19,2.2,2.2,2.2,2.2,2.2,1000
2009-01-21,2.2,2.2,2.2,2.2,2.2,100
2009-01-22,2.2,2.2,2.2,2.2,2.2,3500
2009-01-27,1.87,2.08,1.87,2.08,2.08,7100
2009-01-29,1.91,2.02,1.91,2.02,2.02,32400
2009-02-02,2.1,2.1,2.1,2.1,2.1,10100
2009-02-03,1.9,1.9,1.9,1.9,1.9,200000
2009-02-05,2.06,2.06,2.06,2.06,2.06,5100
2009-02-06,2.06,2.06,2.06,2.06,2.06,200
2009-02-10,1.92,1.93,1.9,1.9,1.9,1002000
2009-02-12,2,2,2,2,2,1200
2009-02-19,2.04,2.04,2.04,2.04,2.04,7000
2009-02-27,1.9,1.95,1.9,1.9,1.9,504300
2009-03-02,1.82,1.82,1.6,1.6,1.6,156000
2009-03-05,1.65,1.65,1.6,1.65,1.65,28100
2009-03-06,1.65,1.65,1.6,1.6,1.6,2000
2009-03-09,1.6,1.7,1.6,1.7,1.7,1300
2009-03-16,1.72,1.78,1.72,1.78,1.78,10000
2009-03-18,1.78,1.78,1.78,1.78,1.78,100
2009-03-23,1.8,1.8,1.8,1.8,1.8,2000
2009-03-24,1.8,1.84,1.8,1.84,1.84,21000
2009-03-30,1.7,1.7,1.7,1.7,1.7,100
2009-04-03,2.2,2.2,2.2,2.2,2.2,100
2009-04-08,2.2,2.2,2.2,2.2,2.2,5000
2009-04-09,1.9,1.92,1.9,1.9,1.9,7000
2009-04-10,1.9,1.9,1.9,1.9,1.9,3400
2009-04-17,1.88,1.96,1.87,1.96,1.96,64000
2009-04-21,1.96,1.96,1.96,1.96,1.96,15000
2009-04-22,1.96,1.96,1.95,1.95,1.95,20000
2009-04-24,1.95,2.1,1.95,2.1,2.1,12100
2009-04-27,2,2,1.7,1.73,1.73,116500
2009-04-28,1.74,1.77,1.73,1.77,1.77,31200
2009-04-30,1.79,1.79,1.79,1.79,1.79,20000
2009-05-04,1.79,1.8,1.79,1.8,1.8,600
2009-05-06,1.99,1.99,1.9,1.9,1.9,25200
2009-05-07,1.9,1.9,1.88,1.88,1.88,8000
2009-05-11,1.88,1.88,1.88,1.88,1.88,5000
2009-05-12,1.88,2,1.83,2,2,11000
2009-05-14,2,2,1.83,1.83,1.83,37000
2009-05-15,1.85,1.85,1.73,1.75,1.75,52000
2009-05-18,1.75,1.75,1.75,1.75,1.75,28903
2009-05-19,1.75,1.77,1.75,1.77,1.77,40000
2009-05-20,1.85,1.86,1.8,1.86,1.86,12700
2009-05-21,1.96,2.26,1.96,2,2,134500
2009-05-22,2,2,2,2,2,8000
2009-05-25,2,2,2,2,2,6000
2009-05-26,2,2,2,2,2,24000
2009-05-27,2.06,2.06,2.06,2.06,2.06,700
2009-05-28,2.1,2.1,2.1,2.1,2.1,1100
2009-05-29,2,2,2,2,2,19500
2009-06-01,2,2,2,2,2,12000
2009-06-02,2,2,2,2,2,8000
2009-06-03,2,2,2,2,2,5000
2009-06-04,2,2,1.99,1.99,1.99,32100
2009-06-05,2.1,2.1,2,2,2,31000
2009-06-08,2,2,2,2,2,20000
2009-06-09,2,2,1.93,1.94,1.94,30925
2009-06-10,1.94,1.94,1.91,1.91,1.91,19000
2009-06-11,1.95,1.95,1.91,1.95,1.95,6200
2009-06-12,1.95,1.95,1.9,1.94,1.94,128100
2009-06-15,1.93,1.93,1.9,1.9,1.9,59000
2009-06-16,1.9,1.9,1.9,1.9,1.9,5000
2009-06-17,1.9,1.9,1.9,1.9,1.9,5600
2009-06-18,1.9,2.08,1.82,2.08,2.08,12200
2009-06-19,1.78,2.06,1.77,2.06,2.06,8600
2009-06-22,2.36,2.36,2.04,2.04,2.04,1200
2009-06-24,1.94,1.94,1.93,1.93,1.93,11500
2009-06-25,2.4,2.4,2.4,2.4,2.4,100
2009-06-30,2,2.36,2,2.36,2.36,13446
2009-07-02,2.1,2.1,1.95,1.95,1.95,12400
2009-07-03,2.1,2.1,1.9,1.99,1.99,6300
2009-07-08,1.82,1.89,1.82,1.89,1.89,1100
2009-07-09,2.1,2.1,1.8,1.82,1.82,192100
2009-07-10,1.88,1.88,1.8,1.8,1.8,37100
2009-07-13,1.86,1.87,1.71,1.81,1.81,8000
2009-07-14,1.81,1.9,1.81,1.9,1.9,33200
2009-07-15,1.82,1.89,1.82,1.89,1.89,43100
2009-07-16,1.83,1.84,1.77,1.77,1.77,272500
2009-07-17,1.82,1.82,1.78,1.8,1.8,17800
2009-07-20,1.81,1.87,1.78,1.8,1.8,246300
2009-07-21,1.83,1.83,1.79,1.79,1.79,642400
2009-07-22,1.82,1.84,1.79,1.79,1.79,230802
2009-07-23,1.82,1.85,1.79,1.79,1.79,92900
2009-07-24,1.82,1.82,1.78,1.8,1.8,27200
2009-07-27,1.8,1.83,1.8,1.83,1.83,3500
2009-07-28,1.83,1.83,1.79,1.79,1.79,171500
2009-07-29,1.82,1.85,1.82,1.84,1.84,82600
2009-07-30,1.85,1.86,1.84,1.86,1.86,1000
2009-08-03,1.82,1.87,1.82,1.87,1.87,25500
2009-08-04,1.85,1.86,1.84,1.84,1.84,81900
2009-08-05,1.86,1.87,1.84,1.84,1.84,30400
2009-08-06,1.84,1.84,1.84,1.84,1.84,20000
2009-08-07,1.85,1.86,1.84,1.84,1.84,50600
2009-08-10,1.84,1.86,1.84,1.85,1.85,46900
2009-08-11,1.86,1.86,1.81,1.81,1.81,119200
2009-08-13,1.89,1.97,1.85,1.85,1.85,4144600
2009-08-14,1.89,1.94,1.89,1.92,1.92,1024700
2009-08-17,1.92,2.22,1.92,2.1,2.1,1987700
2009-08-18,2.1,2.12,2,2.08,2.08,536500
2009-08-19,2.12,2.12,2.04,2.1,2.1,389645
2009-08-20,2.08,2.16,2.08,2.12,2.12,339800
2009-08-21,2.1,2.1,1.99,2,2,405900
2009-08-24,1.92,2.02,1.92,2.02,2.02,158500
2009-08-25,1.96,2.02,1.96,2.02,2.02,75500
2009-08-26,2.02,2.04,2,2.02,2.02,193000
2009-08-27,2.02,2.02,1.98,1.98,1.98,108400
2009-08-28,2,2,1.97,1.97,1.97,112100
2009-08-31,2,2.02,1.96,1.96,1.96,118000
2009-09-01,1.99,2,1.99,1.99,1.99,5600
2009-09-02,1.99,1.99,1.96,1.97,1.97,54000
2009-09-03,2,2.02,1.98,2,2,214200
2009-09-04,2,2,1.98,1.98,1.98,116700
2009-09-07,1.99,2.02,1.99,2,2,759400
2009-09-08,2.02,2.04,2.02,2.02,2.02,225000
2009-09-09,2.02,2.02,2,2,2,79000
2009-09-10,2,2.02,2,2,2,159100
2009-09-11,2.02,2.04,2.02,2.04,2.04,61500
2009-09-14,2.04,2.04,2.04,2.04,2.04,71500
2009-09-15,2.06,2.06,2.06,2.06,2.06,80000
2009-09-16,2.06,2.06,2.04,2.04,2.04,488700
2009-09-17,2.04,2.18,2.04,2.04,2.04,1745400
2009-09-18,2.06,2.08,2.02,2.02,2.02,326500
2009-09-21,2.04,2.04,1.98,1.98,1.98,634600
2009-09-22,2.04,2.04,1.99,2.02,2.02,93700
2009-09-23,2.02,2.02,2,2.02,2.02,130800
2009-09-24,2.02,2.02,1.99,1.99,1.99,202300
2009-09-25,2.02,2.02,1.99,1.99,1.99,50300
2009-09-28,2,2,2,2,2,63300
2009-09-29,2.02,2.02,2.02,2.02,2.02,41200
2009-09-30,2.02,2.04,2.02,2.02,2.02,83800
2009-10-01,2.04,2.08,2.04,2.06,2.06,284000
2009-10-02,2.04,2.16,2.04,2.14,2.14,391300
2009-10-05,2.14,2.26,2.14,2.24,2.24,145300
2009-10-06,2.28,2.3,2.18,2.26,2.26,746700
2009-10-07,2.38,2.38,2.24,2.3,2.3,217500
2009-10-08,2.28,2.32,2.24,2.26,2.26,188600
2009-10-09,2.24,2.24,2.16,2.24,2.24,101400
2009-10-12,2.18,2.22,2.16,2.18,2.18,208900
2009-10-13,2.2,2.2,2.16,2.18,2.18,58600
2009-10-14,2.18,2.18,1.95,2.04,2.04,296700
2009-10-15,2.06,2.06,2,2,2,176700
2009-10-16,2.1,2.12,2.04,2.08,2.08,120500
2009-10-19,2.08,2.14,2.08,2.14,2.14,900
2009-10-20,2.08,2.08,2.06,2.06,2.06,2000
2009-10-21,2.06,2.1,2.04,2.1,2.1,33400
2009-10-22,2.1,2.14,2.08,2.14,2.14,122900
2009-10-26,2.14,2.14,2.14,2.14,2.14,3200
2009-10-27,2.14,2.22,2.14,2.18,2.18,124200
2009-10-28,2.18,2.26,2.18,2.2,2.2,57800
2009-10-29,2.18,2.24,2.14,2.22,2.22,45200
2009-10-30,2.18,2.24,2.18,2.2,2.2,70700
2009-11-02,2.2,2.2,2.16,2.16,2.16,7000
2009-11-03,2.16,2.16,2.14,2.16,2.16,98000
2009-11-04,2.16,2.22,2.16,2.2,2.2,135300
2009-11-05,2.18,2.2,2.18,2.2,2.2,63000
2009-11-06,2.2,2.2,2.16,2.18,2.18,88000
2009-11-09,2.2,2.22,2.2,2.22,2.22,38000
2009-11-10,2.22,2.22,2.2,2.2,2.2,65500
2009-11-11,2.2,2.2,2.18,2.18,2.18,109500
2009-11-12,2.2,2.22,2.18,2.2,2.2,88900
2009-11-13,2.16,2.16,1.98,2,2,1684400
2009-11-16,2,2,1.92,1.95,1.95,980500
2009-11-17,1.98,2,1.93,1.93,1.93,338700
2009-11-18,1.95,2,1.9,1.9,1.9,733100
2009-11-19,1.93,1.93,1.87,1.9,1.9,319300
2009-11-20,1.93,1.95,1.87,1.88,1.88,4413700
2009-11-23,1.9,1.9,1.83,1.83,1.83,262900
2009-11-24,1.83,1.89,1.82,1.82,1.82,143600
2009-11-25,1.85,1.89,1.84,1.89,1.89,74900
2009-11-26,1.84,1.89,1.83,1.84,1.84,55800
2009-11-27,1.84,1.87,1.82,1.87,1.87,40200
2009-11-30,1.88,1.88,1.85,1.87,1.87,45000
2009-12-01,1.88,1.88,1.84,1.85,1.85,45600
2009-12-02,1.85,1.87,1.84,1.85,1.85,65200
2009-12-03,1.85,1.87,1.83,1.85,1.85,102800
2009-12-04,1.86,1.87,1.85,1.85,1.85,25700
2009-12-08,1.86,1.87,1.85,1.85,1.85,34300
2009-12-09,1.85,1.88,1.85,1.88,1.88,57000
2009-12-11,1.88,1.88,1.83,1.85,1.85,79500
2009-12-14,1.85,1.85,1.83,1.83,1.83,66900
2009-12-15,1.84,1.85,1.83,1.85,1.85,73300
2009-12-16,1.84,1.86,1.83,1.86,1.86,56900
2009-12-17,1.85,1.86,1.82,1.82,1.82,61100
2009-12-18,1.84,1.84,1.82,1.82,1.82,154500
2009-12-21,1.82,1.82,1.78,1.79,1.79,146900
2009-12-22,1.84,1.84,1.83,1.83,1.83,10100
2009-12-23,1.83,1.87,1.82,1.83,1.83,120500
2009-12-24,1.85,1.95,1.84,1.85,1.85,4494300
2009-12-25,1.85,2,1.85,1.92,1.92,1553100
2009-12-28,1.94,1.95,1.91,1.93,1.93,272100
2009-12-29,1.91,2.04,1.86,1.93,1.93,781400
2009-12-30,1.98,1.98,1.93,1.94,1.94,35600
2010-01-05,1.93,1.93,1.88,1.88,1.88,20500
2010-01-06,1.96,2.04,1.9,1.94,1.94,1794000
2010-01-07,1.94,2.02,1.92,1.95,1.95,793200
2010-01-08,1.98,1.99,1.94,1.94,1.94,281300
2010-01-11,1.94,2.06,1.94,2.02,2.02,1221100
2010-01-12,2.02,2.24,2.02,2.06,2.06,2495800
2010-01-13,2.06,2.12,2.02,2.04,2.04,568000
2010-01-14,2.04,2.12,2.02,2.02,2.02,570800
2010-01-15,2.04,2.04,2,2.04,2.04,161500
2010-01-18,2.02,2.04,1.99,2,2,126800
2010-01-19,2,2.02,1.98,1.98,1.98,144500
2010-01-20,1.98,2.06,1.97,1.98,1.98,375200
2010-01-21,1.99,2.02,1.97,1.98,1.98,213200
2010-01-22,2,2,1.93,1.98,1.98,278100
2010-01-25,1.95,2,1.95,2,2,4283160
2010-01-26,2,2.04,1.97,1.97,1.97,188100
2010-01-27,1.97,2.1,1.96,1.97,1.97,702800
2010-01-28,1.97,2.04,1.94,2,2,607800
2010-01-29,2,2.1,2,2,2,1048000
2010-02-01,2,2.04,2,2.04,2.04,212200
2010-02-02,2.02,2.06,2.02,2.02,2.02,193900
2010-02-03,2.02,2.08,2.02,2.04,2.04,1091400
2010-02-04,2.06,2.1,2.02,2.04,2.04,688400
2010-02-05,2.02,2.02,1.96,1.99,1.99,354100
2010-02-08,1.97,1.98,1.96,1.98,1.98,109900
2010-02-09,1.96,1.98,1.95,1.97,1.97,199500
2010-02-10,1.97,2.04,1.97,1.99,1.99,156600
2010-02-11,1.99,2,1.98,1.98,1.98,20800
2010-02-12,1.98,1.99,1.98,1.98,1.98,41000
2010-02-15,1.97,2.1,1.97,2.1,2.1,1653600
2010-02-16,2.14,2.14,2.04,2.04,2.04,1655800
2010-02-17,2.06,2.06,1.99,2.02,2.02,324300
2010-02-18,2.02,2.04,1.97,2,2,515200
2010-02-19,1.99,2,1.94,2,2,549600
2010-02-22,1.99,2.02,1.98,1.98,1.98,382600
2010-02-23,1.99,2,1.98,1.99,1.99,127700
2010-02-24,2,2.02,1.99,1.99,1.99,93600
2010-02-25,1.99,2.04,1.99,1.99,1.99,144100
2010-02-26,2.04,2.04,1.95,1.96,1.96,427700
2010-03-02,1.98,1.98,1.9,1.95,1.95,40400
2010-03-03,1.95,1.96,1.92,1.92,1.92,178500
2010-03-04,1.94,1.94,1.9,1.93,1.93,225200
2010-03-05,1.93,1.96,1.93,1.94,1.94,249400
2010-03-08,1.94,1.96,1.93,1.96,1.96,11000
2010-03-09,1.96,1.96,1.95,1.95,1.95,28500
2010-03-10,1.95,1.96,1.94,1.94,1.94,86700
2010-03-11,1.95,1.95,1.94,1.95,1.95,52300
2010-03-12,1.95,1.95,1.94,1.94,1.94,95500
2010-03-15,1.93,1.95,1.93,1.95,1.95,7300
2010-03-16,1.97,2.04,1.95,2,2,497000
2010-03-17,2,2,1.97,1.98,1.98,191000
2010-03-18,1.98,2.02,1.96,1.96,1.96,234000
2010-03-19,1.96,2,1.96,1.98,1.98,209200
2010-03-22,1.99,1.99,1.97,1.97,1.97,42200
2010-03-23,1.99,1.99,1.98,1.98,1.98,71000
2010-03-24,1.99,2.02,1.96,2,2,353800
2010-03-25,2,2.3,2,2.04,2.04,5853000
2010-03-26,2.1,2.1,2.02,2.02,2.02,476700
2010-03-29,2.04,2.06,2.02,2.02,2.02,531100
2010-03-30,2.06,2.1,2.02,2.04,2.04,329900
2010-03-31,2.04,2.06,2.02,2.02,2.02,47000
2010-04-01,2.04,2.08,2.02,2.04,2.04,410800
2010-04-02,2.06,2.08,2.02,2.02,2.02,24800
2010-04-05,2.02,2.04,2.02,2.04,2.04,68500
2010-04-07,2.06,2.06,2.04,2.06,2.06,109500
2010-04-08,2.02,2.02,2,2,2,200500
2010-04-09,2,2.06,2,2,2,317000
2010-04-12,1.99,1.99,1.93,1.95,1.95,217100
2010-04-16,1.94,1.95,1.94,1.95,1.95,73100
2010-04-19,1.95,1.95,1.94,1.94,1.94,109000
2010-04-20,1.97,1.97,1.97,1.97,1.97,5000
2010-04-21,1.97,2.02,1.95,1.95,1.95,136000
2010-04-22,2,2,2,2,2,100
2010-04-23,1.96,1.96,1.95,1.95,1.95,32500
2010-04-26,2,2,2,2,2,20000
2010-04-27,1.98,2,1.95,2,2,153500
2010-04-28,1.99,1.99,1.95,1.97,1.97,115200
2010-04-29,1.98,1.98,1.93,1.94,1.94,30000
2010-04-30,1.96,1.98,1.96,1.96,1.96,35800
2010-05-04,1.99,1.99,1.96,1.97,1.97,15000
2010-05-06,1.98,1.98,1.96,1.96,1.96,81600
2010-05-07,1.89,1.96,1.89,1.95,1.95,10100
2010-05-10,1.98,2.04,1.98,1.98,1.98,137300
2010-05-11,1.99,1.99,1.96,1.96,1.96,3200
2010-05-12,1.98,2.04,1.98,2,2,408400
2010-05-13,2.02,2.06,1.98,2,2,370700
2010-05-14,1.96,2.02,1.93,1.97,1.97,413300
2010-05-17,1.95,1.95,1.95,1.95,1.95,102600
2010-05-18,1.95,1.95,1.94,1.94,1.94,102000
2010-05-19,1.94,1.94,1.94,1.94,1.94,14500
2010-05-24,1.94,1.94,1.94,1.94,1.94,10500
2010-05-25,1.93,1.93,1.9,1.9,1.9,43000
2010-05-26,1.9,1.91,1.9,1.91,1.91,90000
2010-05-27,1.93,1.93,1.92,1.92,1.92,55400
2010-05-31,1.91,1.92,1.89,1.92,1.92,182900
2010-06-01,1.92,1.92,1.91,1.92,1.92,6800
2010-06-02,1.91,1.91,1.89,1.89,1.89,194100
2010-06-03,1.89,1.92,1.87,1.89,1.89,172200
2010-06-04,1.93,1.93,1.9,1.9,1.9,14100
2010-06-07,1.93,1.95,1.92,1.92,1.92,20900
2010-06-08,1.95,1.98,1.92,1.92,1.92,60800
2010-06-09,1.92,1.92,1.91,1.91,1.91,30000
2010-06-10,1.93,1.93,1.93,1.93,1.93,5000
2010-06-11,1.91,1.92,1.91,1.92,1.92,49700
2010-06-14,1.92,1.92,1.9,1.9,1.9,101000
2010-06-15,1.91,1.91,1.91,1.91,1.91,1000
2010-06-16,1.93,1.93,1.91,1.91,1.91,400
2010-06-17,1.91,1.91,1.91,1.91,1.91,600
2010-06-18,1.91,1.91,1.9,1.9,1.9,13100
2010-06-21,1.94,1.94,1.92,1.92,1.92,6200
2010-06-22,1.92,1.95,1.92,1.94,1.94,72000
2010-06-23,1.95,2,1.95,1.96,1.96,207500
2010-06-24,1.96,1.99,1.92,1.92,1.92,191400
2010-06-25,1.93,2.14,1.93,1.93,1.93,9550000
2010-06-28,1.94,1.99,1.94,1.95,1.95,501100
2010-06-29,1.96,1.97,1.95,1.95,1.95,66500
2010-06-30,1.95,2.02,1.95,1.96,1.96,280101
2010-07-02,1.96,2.12,1.95,2.12,2.12,4857700
2010-07-05,2.12,2.16,2.1,2.12,2.12,2187100
2010-07-06,2.14,2.22,2.08,2.08,2.08,2224100
2010-07-07,2.1,2.12,2.08,2.08,2.08,197700
2010-07-08,2.1,2.1,2.04,2.04,2.04,187400
2010-07-09,2.08,2.08,2.04,2.06,2.06,292400
2010-07-12,2.06,2.06,2.06,2.06,2.06,89000
2010-07-13,2.06,2.08,2.06,2.06,2.06,164900
2010-07-14,2.04,2.06,2,2.02,2.02,455400
2010-07-15,2.02,2.06,2.02,2.02,2.02,107500
2010-07-16,2.04,2.08,2.02,2.02,2.02,84000
2010-07-19,2.02,2.06,2,2.06,2.06,108600
2010-07-20,2.04,2.04,2,2,2,192300
2010-07-21,2,2.04,2,2.04,2.04,245700
2010-07-22,2,2.02,2,2,2,62900
2010-07-23,2,2.04,2,2.04,2.04,76700
2010-07-27,2.04,2.04,2.02,2.04,2.04,17500
2010-07-28,2.04,2.04,2,2,2,106300
2010-07-29,2.04,2.04,2.02,2.02,2.02,81100
2010-07-30,2.02,2.12,2.02,2.04,2.04,979500
2010-08-02,2.04,2.1,2.04,2.08,2.08,325800
2010-08-03,2.08,2.1,2.04,2.06,2.06,244100
2010-08-04,2.06,2.16,2.06,2.06,2.06,1209800
2010-08-05,2.06,2.12,2.06,2.08,2.08,101500
2010-08-06,2.08,2.1,2.06,2.06,2.06,496800
2010-08-09,2.08,2.1,2.02,2.04,2.04,982100
2010-08-10,2.06,2.08,2.02,2.02,2.02,245200
2010-08-11,2.04,2.06,2,2,2,305200
2010-08-16,1.92,1.94,1.83,1.85,1.85,675200
2010-08-17,1.82,1.82,1.5,1.75,1.75,459500
2010-08-18,1.73,1.8,1.7,1.79,1.79,715200
2010-08-19,1.74,1.81,1.73,1.76,1.76,209500
2010-08-20,1.76,1.77,1.73,1.74,1.74,548700
2010-08-23,1.76,1.77,1.74,1.74,1.74,437300
2010-08-24,1.74,1.76,1.74,1.74,1.74,147400
2010-08-25,1.76,1.76,1.73,1.73,1.73,438500
2010-08-26,1.76,1.76,1.73,1.75,1.75,48300
2010-08-27,1.75,1.76,1.75,1.75,1.75,67400
2010-08-30,1.76,1.77,1.76,1.77,1.77,31500
2010-08-31,1.77,1.77,1.74,1.76,1.76,15400
2010-09-01,1.77,1.77,1.75,1.75,1.75,164900
2010-09-02,1.75,1.77,1.74,1.75,1.75,47400
2010-09-03,1.77,1.77,1.76,1.77,1.77,15900
2010-09-06,1.76,1.78,1.76,1.77,1.77,129800
2010-09-07,1.78,1.81,1.76,1.77,1.77,208300
2010-09-08,1.79,1.81,1.77,1.77,1.77,58500
2010-09-09,1.78,1.78,1.76,1.76,1.76,91400
2010-09-10,1.79,1.79,1.76,1.76,1.76,50100
2010-09-13,1.76,1.76,1.73,1.73,1.73,436700
2010-09-14,1.73,1.73,1.72,1.73,1.73,294600
2010-09-15,1.73,1.73,1.71,1.71,1.71,440000
2010-09-16,1.72,1.74,1.72,1.74,1.74,300
2010-09-17,1.75,1.75,1.72,1.75,1.75,26300
2010-09-20,1.74,1.75,1.74,1.75,1.75,26800
2010-09-21,1.76,1.76,1.75,1.75,1.75,9900
2010-09-22,1.75,1.76,1.74,1.74,1.74,159900
2010-09-23,1.76,1.76,1.76,1.76,1.76,100
2010-09-24,1.74,1.75,1.74,1.75,1.75,58400
2010-09-27,1.76,1.76,1.72,1.76,1.76,600
2010-09-28,1.76,1.76,1.72,1.72,1.72,2100
2010-09-29,1.75,1.76,1.75,1.76,1.76,600
2010-09-30,1.75,1.76,1.75,1.76,1.76,39200
2010-10-01,1.75,1.79,1.75,1.77,1.77,291600
2010-10-04,1.76,1.76,1.73,1.73,1.73,250000
2010-10-05,1.74,1.75,1.73,1.75,1.75,80700
2010-10-06,1.74,1.74,1.74,1.74,1.74,44000
2010-10-07,1.75,1.75,1.74,1.74,1.74,7800
2010-10-08,1.74,1.74,1.74,1.74,1.74,4800
2010-10-11,1.74,1.75,1.74,1.75,1.75,72900
2010-10-12,1.75,1.77,1.75,1.76,1.76,81100
2010-10-13,1.74,1.74,1.74,1.74,1.74,20000
2010-10-14,1.74,1.74,1.74,1.74,1.74,400
2010-10-15,1.74,1.75,1.74,1.75,1.75,8500
2010-10-19,1.75,1.75,1.75,1.75,1.75,500
2010-10-20,1.74,1.75,1.74,1.75,1.75,11000
2010-10-21,1.76,1.79,1.76,1.76,1.76,27300
2010-10-22,1.76,1.76,1.76,1.76,1.76,70600
2010-10-26,1.75,1.75,1.74,1.74,1.74,79000
2010-10-27,1.74,1.75,1.74,1.75,1.75,92600
2010-10-28,1.77,1.84,1.76,1.8,1.8,567300
2010-10-29,1.78,1.84,1.78,1.81,1.81,306200
2010-11-01,1.78,1.8,1.75,1.75,1.75,73100
2010-11-02,1.75,1.75,1.75,1.75,1.75,2400
2010-11-03,1.76,1.76,1.74,1.74,1.74,75100
2010-11-04,1.79,1.79,1.75,1.75,1.75,5100
2010-11-05,1.78,1.79,1.76,1.76,1.76,47600
2010-11-08,1.78,1.94,1.76,1.83,1.83,1343900
2010-11-09,1.85,1.9,1.83,1.85,1.85,917900
2010-11-10,1.86,1.93,1.85,1.85,1.85,988800
2010-11-11,1.85,1.85,1.82,1.84,1.84,77000
2010-11-12,1.79,1.8,1.79,1.8,1.8,115500
2010-11-15,1.82,1.84,1.78,1.78,1.78,84200
2010-11-16,1.8,1.8,1.77,1.79,1.79,205000
2010-11-17,1.57,1.73,1.57,1.73,1.73,18200
2010-11-18,1.75,1.85,1.73,1.73,1.73,27100
2010-11-19,1.74,1.74,1.74,1.74,1.74,8000
2010-11-22,1.74,1.74,1.73,1.73,1.73,26000
2010-11-23,1.73,1.73,1.73,1.73,1.73,6000
2010-11-24,1.73,1.73,1.73,1.73,1.73,21500
2010-11-25,1.74,1.74,1.74,1.74,1.74,100
2010-11-29,1.73,1.73,1.73,1.73,1.73,20200
2010-11-30,1.73,1.77,1.73,1.74,1.74,10200
2010-12-01,1.76,1.81,1.76,1.79,1.79,117800
2010-12-03,1.74,1.78,1.74,1.78,1.78,31500
2010-12-07,1.74,1.8,1.74,1.8,1.8,67000
2010-12-08,1.77,1.77,1.77,1.77,1.77,3000
2010-12-09,1.77,1.77,1.75,1.75,1.75,9900
2010-12-13,1.75,1.75,1.75,1.75,1.75,50000
2010-12-15,1.76,1.76,1.76,1.76,1.76,50000
2010-12-16,1.75,1.75,1.75,1.75,1.75,30400
2010-12-17,1.77,1.77,1.77,1.77,1.77,500
2010-12-23,1.79,1.79,1.79,1.79,1.79,3100
2010-12-29,1.78,1.78,1.78,1.78,1.78,8800
2010-12-30,1.78,1.82,1.75,1.82,1.82,52900
2011-01-04,1.76,1.76,1.75,1.75,1.75,14600
2011-01-05,1.76,1.8,1.76,1.8,1.8,6800
2011-01-06,1.78,1.78,1.78,1.78,1.78,9100
2011-01-07,1.82,1.82,1.78,1.82,1.82,1300
2011-01-10,1.78,1.78,1.74,1.74,1.74,55000
2011-01-11,1.76,1.76,1.76,1.76,1.76,35000
2011-01-12,1.76,1.76,1.75,1.75,1.75,60000
2011-01-13,1.76,1.76,1.76,1.76,1.76,10000
2011-01-14,1.76,1.76,1.76,1.76,1.76,10000
2011-01-17,1.75,1.75,1.75,1.75,1.75,50000
2011-01-19,1.73,1.75,1.7,1.71,1.71,232000
2011-01-20,1.72,1.72,1.71,1.71,1.71,17700
2011-01-21,1.74,1.74,1.7,1.7,1.7,90000
2011-01-24,1.69,1.69,1.65,1.65,1.65,131300
2011-01-25,1.66,1.67,1.66,1.67,1.67,300
2011-01-26,1.68,1.68,1.68,1.68,1.68,40300
2011-01-28,1.71,1.73,1.71,1.73,1.73,200
2011-02-07,1.68,1.68,1.68,1.68,1.68,100
2011-02-09,1.67,1.67,1.67,1.67,1.67,500
2011-02-10,1.62,1.68,1.57,1.68,1.68,54900
2011-02-14,1.76,1.76,1.76,1.76,1.76,100
2011-02-16,1.77,1.77,1.74,1.74,1.74,18700
2011-02-17,1.74,1.74,1.74,1.74,1.74,6900
2011-02-21,1.74,1.74,1.74,1.74,1.74,1500
2011-02-22,1.74,1.74,1.7,1.74,1.74,10800
2011-02-23,1.74,1.74,1.73,1.73,1.73,10100
2011-02-24,1.73,1.73,1.73,1.73,1.73,900
2011-02-25,1.72,1.72,1.72,1.72,1.72,6500
2011-02-28,1.72,1.72,1.72,1.72,1.72,5200
2011-03-01,1.73,1.73,1.7,1.73,1.73,5900
2011-03-02,1.7,1.7,1.7,1.7,1.7,200
2011-03-03,1.66,1.66,1.66,1.66,1.66,1700
2011-03-04,1.66,1.66,1.66,1.66,1.66,100
2011-03-07,1.68,1.68,1.68,1.68,1.68,10000
2011-03-08,1.66,1.66,1.65,1.65,1.65,26200
2011-03-09,1.7,1.7,1.65,1.7,1.7,98100
2011-03-10,1.7,1.7,1.66,1.66,1.66,27000
2011-03-11,1.66,1.73,1.63,1.65,1.65,44800
2011-03-14,1.73,1.73,1.69,1.69,1.69,10500
2011-03-15,1.69,1.69,1.65,1.65,1.65,31200
2011-03-16,1.69,1.69,1.67,1.67,1.67,11300
2011-03-17,1.69,1.7,1.69,1.69,1.69,30200
2011-03-18,1.68,1.7,1.68,1.69,1.69,41300
2011-03-22,1.69,1.74,1.64,1.64,1.64,743400
2011-03-23,1.63,1.68,1.63,1.67,1.67,83600
2011-03-24,1.69,1.71,1.65,1.69,1.69,123500
2011-03-25,1.69,1.7,1.67,1.67,1.67,138800
2011-03-28,1.67,1.67,1.55,1.65,1.65,83300
2011-03-29,1.63,1.64,1.63,1.63,1.63,15200
2011-03-30,1.62,1.71,1.62,1.64,1.64,309600
2011-03-31,1.66,1.68,1.65,1.65,1.65,53000
2011-04-01,1.65,1.65,1.64,1.65,1.65,72000
2011-04-04,1.66,1.7,1.64,1.64,1.64,464600
2011-04-05,1.66,1.68,1.66,1.68,1.68,52100
2011-04-07,1.67,1.68,1.65,1.65,1.65,84000
2011-04-08,1.65,1.65,1.65,1.65,1.65,20000
2011-04-11,1.65,1.7,1.65,1.66,1.66,69900
2011-04-12,1.69,1.7,1.66,1.66,1.66,64200
2011-04-18,1.67,1.71,1.67,1.7,1.7,124000
2011-04-19,1.71,1.75,1.71,1.73,1.73,366500
2011-04-20,1.75,1.77,1.74,1.75,1.75,193700
2011-04-21,1.75,1.75,1.73,1.74,1.74,83000
2011-04-22,1.75,1.77,1.74,1.74,1.74,126700
2011-04-25,1.75,1.75,1.72,1.73,1.73,25600
2011-04-26,1.75,1.77,1.72,1.72,1.72,118600
2011-04-27,1.75,1.76,1.72,1.73,1.73,66000
2011-04-28,1.73,1.75,1.73,1.75,1.75,7900
2011-04-29,1.73,1.76,1.73,1.76,1.76,108400
2011-05-03,1.76,1.76,1.71,1.71,1.71,30300
2011-05-04,1.73,1.75,1.73,1.74,1.74,18500
2011-05-06,1.76,1.77,1.73,1.73,1.73,15500
2011-05-09,1.74,1.75,1.74,1.75,1.75,8600
2011-05-10,1.75,1.84,1.75,1.8,1.8,1047100
2011-05-11,1.81,1.81,1.73,1.76,1.76,339000
2011-05-12,1.78,1.81,1.77,1.8,1.8,206200
2011-05-13,1.8,1.88,1.8,1.83,1.83,668000
2011-05-18,1.85,1.88,1.84,1.87,1.87,387700
2011-05-19,1.87,1.92,1.85,1.9,1.9,347000
2011-05-20,1.89,1.92,1.89,1.9,1.9,146600
2011-05-23,1.89,1.89,1.88,1.88,1.88,29500
2011-05-24,1.88,1.91,1.86,1.86,1.86,396300
2011-05-25,1.9,1.91,1.87,1.88,1.88,46600
2011-05-26,1.91,1.97,1.91,1.94,1.94,663400
2011-05-27,1.95,1.97,1.94,1.95,1.95,272900
2011-05-30,1.96,1.98,1.96,1.96,1.96,339300
2011-05-31,1.97,1.98,1.94,1.94,1.94,280800
2011-06-01,1.97,2.02,1.97,2,2,858400
2011-06-02,2,2.1,2,2.02,2.02,1649300
2011-06-03,2.08,2.1,1.98,2.02,2.02,1255600
2011-06-06,2.06,2.1,2,2.04,2.04,2207200
2011-06-07,2.1,2.18,2.08,2.14,2.14,2140300
2011-06-08,2.18,2.2,2.08,2.1,2.1,984000
2011-06-09,2.14,2.24,2.14,2.18,2.18,1627900
2011-06-10,2.22,2.32,2.22,2.32,2.32,1725900
2011-06-13,2.3,2.5,2.3,2.34,2.34,4282900
2011-06-14,2.4,2.42,2.32,2.34,2.34,517000
2011-06-15,2.34,2.4,2.24,2.36,2.36,1041300
2011-06-16,2.38,2.4,2.28,2.34,2.34,329800
2011-06-17,2.38,2.4,2.32,2.34,2.34,216700
2011-06-20,2.36,2.36,2.28,2.3,2.3,214900
2011-06-21,2.34,2.36,2.26,2.28,2.28,101400
2011-06-22,2.28,2.38,2.14,2.16,2.16,3354800
2011-06-23,2.18,2.2,2.1,2.1,2.1,445300
2011-06-24,2.2,2.2,2.08,2.12,2.12,154400
2011-06-27,2.1,2.16,2.1,2.16,2.16,120300
2011-06-28,2.16,2.32,2.16,2.3,2.3,1890300
2011-06-29,2.36,2.4,2.32,2.36,2.36,1053000
2011-06-30,2.38,2.42,2.38,2.4,2.4,995200
2011-07-04,2.44,2.46,2.36,2.42,2.42,486500
2011-07-05,2.42,2.46,2.4,2.4,2.4,245300
2011-07-06,2.42,2.48,2.42,2.48,2.48,996900
2011-07-07,2.5,2.54,2.46,2.52,2.52,1199200
2011-07-08,2.52,2.56,2.52,2.54,2.54,684800
2011-07-11,2.56,2.56,2.44,2.5,2.5,295600
2011-07-12,2.5,2.5,2.42,2.48,2.48,227100
2011-07-13,2.48,2.58,2.42,2.5,2.5,708300
2011-07-14,2.52,2.54,2.48,2.48,2.48,340500
2011-07-18,2.54,2.54,2.48,2.48,2.48,183600
2011-07-19,2.5,2.52,2.46,2.46,2.46,227000
2011-07-20,2.5,2.52,2.48,2.5,2.5,485700
2011-07-21,2.5,2.52,2.48,2.52,2.52,294000
2011-07-22,2.52,2.62,2.52,2.52,2.52,605100
2011-07-25,2.54,2.74,2.52,2.64,2.64,3996400
2011-07-26,2.62,2.62,2.56,2.56,2.56,1081800
2011-07-27,2.6,2.62,2.56,2.58,2.58,351500
2011-07-28,2.6,2.72,2.58,2.66,2.66,1096000
2011-07-29,2.68,2.68,2.64,2.64,2.64,172200
2011-08-01,2.68,2.7,2.62,2.68,2.68,161400
2011-08-02,2.68,2.78,2.68,2.76,2.76,592900
2011-08-03,2.78,2.82,2.76,2.8,2.8,637300
2011-08-04,2.8,2.86,2.8,2.86,2.86,870800
2011-08-05,2.82,2.86,2.8,2.82,2.82,232500
2011-08-08,2.8,2.88,2.8,2.88,2.88,350800
2011-08-09,2.82,2.88,2.8,2.86,2.86,353400
2011-08-10,2.88,2.9,2.8,2.8,2.8,305800
2011-08-11,2.8,2.88,2.8,2.88,2.88,208000
2011-08-15,2.88,2.9,2.76,2.76,2.76,268900
2011-08-16,2.8,2.88,2.8,2.8,2.8,240800
2011-08-17,2.82,2.86,2.8,2.82,2.82,119100
2011-08-18,2.84,2.86,2.8,2.86,2.86,129000
2011-08-19,2.84,2.92,2.82,2.84,2.84,246100
2011-08-22,2.86,2.88,2.82,2.82,2.82,95000
2011-08-23,2.86,2.86,2.82,2.86,2.86,24300
2011-08-24,2.84,2.9,2.68,2.68,2.68,435200
2011-08-25,2.8,2.86,2.7,2.8,2.8,244600
2011-08-26,2.8,2.86,2.8,2.84,2.84,267300
2011-08-29,2.82,2.9,2.82,2.82,2.82,702200
2011-08-30,2.86,2.86,2.86,2.86,2.86,27800
2011-08-31,2.84,2.88,2.82,2.88,2.88,26500
2011-09-01,2.86,2.92,2.86,2.88,2.88,75000
2011-09-02,2.88,2.88,2.82,2.86,2.86,13100
2011-09-05,2.86,2.9,2.84,2.84,2.84,32500
2011-09-06,2.88,2.88,2.84,2.88,2.88,70500
2011-09-07,2.88,2.9,2.84,2.88,2.88,54300
2011-09-08,2.86,2.86,2.76,2.86,2.86,66500
2011-09-09,2.86,2.88,2.86,2.88,2.88,9500
2011-09-12,2.86,2.86,2.82,2.86,2.86,4200
2011-09-13,2.84,2.86,2.76,2.78,2.78,52500
2011-09-14,2.8,2.8,2.76,2.78,2.78,145000
2011-09-15,2.78,2.8,2.76,2.8,2.8,19000
2011-09-16,2.76,2.82,2.74,2.82,2.82,52600
2011-09-19,2.76,2.84,2.7,2.84,2.84,90900
2011-09-20,2.8,2.8,2.76,2.76,2.76,33100
2011-09-21,2.76,2.8,2.7,2.8,2.8,94000
2011-09-22,2.8,2.8,2.68,2.68,2.68,122400
2011-09-23,2.68,2.7,2.62,2.7,2.7,140700
2011-09-26,2.68,2.68,2.6,2.64,2.64,114100
2011-09-27,2.78,2.8,2.7,2.7,2.7,25000
2011-09-28,2.68,2.68,2.2,2.56,2.56,175300
2011-09-29,2.5,2.5,2.5,2.5,2.5,100
2011-09-30,2.52,2.52,2.4,2.4,2.4,20200
2011-10-03,2.5,2.84,2.5,2.64,2.64,50100
2011-10-04,2.68,2.7,2.56,2.64,2.64,107000
2011-10-05,2.68,2.7,2.64,2.7,2.7,59000
2011-10-06,2.72,2.74,2.72,2.74,2.74,5000
2011-10-07,2.74,2.74,2.7,2.72,2.72,39600
2011-10-10,2.7,2.7,2.68,2.68,2.68,2000
2011-10-11,2.72,2.74,2.68,2.68,2.68,27500
2011-10-12,2.68,2.68,2.68,2.68,2.68,500
2011-10-13,2.66,2.66,2.64,2.64,2.64,24200
2011-10-14,2.66,2.66,2.66,2.66,2.66,20000
2011-10-17,2.7,2.7,2.68,2.68,2.68,3500
2011-10-18,2.66,2.66,2.5,2.64,2.64,78800
2011-10-19,2.5,2.6,2.42,2.6,2.6,20600
2011-10-20,2.32,2.32,2.32,2.32,2.32,10000
2011-10-25,2.3,2.52,2.3,2.32,2.32,82000
2011-10-26,2.32,2.32,2.32,2.32,2.32,5000
2011-10-27,2.32,2.32,2.3,2.3,2.3,6000
2011-10-28,2.32,2.32,2.3,2.3,2.3,15000
2011-10-31,2.5,2.5,2.5,2.5,2.5,500
2011-11-02,2.3,2.3,2.3,2.3,2.3,5000
2011-11-08,2.48,2.76,2.48,2.7,2.7,32500
2011-11-10,2.76,2.8,2.76,2.78,2.78,20000
2011-11-11,2.48,2.5,2.1,2.18,2.18,341400
2011-11-14,2.16,2.18,2.16,2.16,2.16,18000
2011-11-15,2.14,2.14,1.7,1.98,1.98,670100
2011-11-16,1.97,1.97,1.94,1.95,1.95,7800
2011-11-17,1.95,1.97,1.95,1.95,1.95,2700
2011-11-18,1.92,1.97,1.92,1.97,1.97,2200
2011-11-21,1.97,2.1,1.9,1.9,1.9,143700
2011-11-22,1.94,1.95,1.93,1.93,1.93,6700
2011-11-23,1.94,2,1.94,2,2,16600
2011-11-28,1.85,2,1.8,2,2,15200
2011-11-29,2,2,2,2,2,100
2011-11-30,1.92,2.02,1.92,2.02,2.02,3100
2011-12-01,1.96,2.1,1.96,2.02,2.02,285900
2011-12-02,2,2,2,2,2,6400
2011-12-06,2.04,2.04,2.02,2.04,2.04,17500
2011-12-07,2.06,2.08,2.06,2.06,2.06,15000
2011-12-14,1.82,2.04,1.82,2.04,2.04,200
2011-12-15,1.86,2.02,1.86,2.02,2.02,200
2011-12-16,1.88,1.92,1.88,1.9,1.9,15100
2011-12-19,2.06,2.18,1.96,1.96,1.96,15000
2011-12-20,1.97,2,1.97,2,2,24100
2011-12-21,2,2.1,2,2.1,2.1,25100
2011-12-22,2,2,2,2,2,5000
2011-12-23,2.08,2.08,2,2.06,2.06,44400
2011-12-26,2.08,2.1,2.04,2.06,2.06,24500
2011-12-27,2.04,2.04,2.04,2.04,2.04,10000
2011-12-28,2.04,2.04,2.04,2.04,2.04,2500
2011-12-29,2.1,2.2,2.06,2.06,2.06,67300
2011-12-30,2.04,2.04,2,2,2,38700
2012-01-04,2,2,2,2,2,300
2012-01-05,2.12,2.12,2,2,2,23500
2012-01-06,2.08,2.08,2.08,2.08,2.08,2000
2012-01-09,2.02,2.08,2,2.06,2.06,59000
2012-01-10,2.06,2.14,2.06,2.14,2.14,140400
2012-01-11,2.1,2.2,2.08,2.2,2.2,114900
2012-01-12,2.2,2.2,2.18,2.18,2.18,31900
2012-01-13,2.18,2.22,2.16,2.2,2.2,85100
2012-01-16,2.14,2.2,2.14,2.16,2.16,87100
2012-01-17,2.2,2.28,2.2,2.22,2.22,36000
2012-01-18,2.2,2.3,2.2,2.26,2.26,213200
2012-01-19,2.24,2.3,2.24,2.3,2.3,31200
2012-01-20,2.3,2.36,2.26,2.3,2.3,247300
2012-01-23,2.32,2.42,2.32,2.4,2.4,175300
2012-01-24,2.44,2.54,2.44,2.52,2.52,307800
2012-01-25,2.52,2.54,2.38,2.5,2.5,637900
2012-01-26,2.5,2.5,2.48,2.48,2.48,65000
2012-01-27,2.5,2.5,2.46,2.5,2.5,45300
2012-01-30,2.5,2.5,2.4,2.48,2.48,181400
2012-01-31,2.48,2.5,2.48,2.5,2.5,25000
2012-02-01,2.46,2.48,2.38,2.48,2.48,62800
2012-02-02,2.48,2.5,2.44,2.5,2.5,149100
2012-02-03,2.48,2.48,2.4,2.48,2.48,26700
2012-02-06,2.46,2.5,2.44,2.46,2.46,195500
2012-02-07,2.46,2.46,2.42,2.42,2.42,3900
2012-02-08,2.48,2.5,2.42,2.46,2.46,98100
2012-02-09,2.46,2.48,2.46,2.48,2.48,23000
2012-02-10,2.48,2.5,2.44,2.46,2.46,104100
2012-02-13,2.46,2.46,2.46,2.46,2.46,23700
2012-02-14,2.48,2.48,2.42,2.48,2.48,57600
2012-02-15,2.44,2.48,2.4,2.48,2.48,24000
2012-02-16,2.46,2.46,2.4,2.4,2.4,35700
2012-02-17,2.44,2.44,2.36,2.36,2.36,52200
2012-02-20,2.38,2.46,2.38,2.46,2.46,64600
2012-02-21,2.44,2.44,2.3,2.32,2.32,104300
2012-02-22,2.34,2.34,2.26,2.34,2.34,123500
2012-02-23,2.36,2.36,2.12,2.12,2.12,361900
2012-02-24,2.12,2.16,2.1,2.16,2.16,3600
2012-02-27,2.16,2.18,2.12,2.12,2.12,6400
2012-02-28,2.18,2.26,2.12,2.12,2.12,35000
2012-03-01,2.12,2.26,2.12,2.16,2.16,65500
2012-03-02,2.16,2.16,2.16,2.16,2.16,13000
2012-03-05,2.2,2.28,2.2,2.24,2.24,45500
2012-03-06,2.26,2.3,2.26,2.28,2.28,58500
2012-03-08,2.28,2.32,2.28,2.3,2.3,38100
2012-03-09,2.3,2.38,2.3,2.36,2.36,105000
2012-03-12,2.36,2.4,2.36,2.38,2.38,45100
2012-03-13,2.38,2.38,2.32,2.36,2.36,67600
2012-03-14,2.34,2.44,2.3,2.4,2.4,957700
2012-03-15,2.42,2.42,2.32,2.32,2.32,359500
2012-03-16,2.36,2.42,2.34,2.4,2.4,49200
2012-03-19,2.36,2.4,2.36,2.4,2.4,10400
2012-03-20,2.36,2.36,2.32,2.32,2.32,25800
2012-03-21,2.38,2.4,2.38,2.4,2.4,20000
2012-03-22,2.36,2.4,2.36,2.4,2.4,15000
2012-03-23,2.4,2.42,2.36,2.36,2.36,56600
2012-03-26,2.42,2.44,2.4,2.4,2.4,67000
2012-03-27,2.42,2.46,2.4,2.4,2.4,100600
2012-03-28,2.4,2.4,2.38,2.38,2.38,41000
2012-03-29,2.32,2.42,2.32,2.4,2.4,26900
2012-03-30,2.4,2.44,2.38,2.38,2.38,103800
2012-04-02,2.38,2.4,2.38,2.38,2.38,23000
2012-04-03,2.38,2.4,2.36,2.36,2.36,58800
2012-04-04,2.38,2.38,2.34,2.34,2.34,8800
2012-04-05,2.4,2.46,2.32,2.36,2.36,99100
2012-04-10,2.4,2.44,2.4,2.4,2.4,9000
2012-04-11,2.4,2.4,2.3,2.3,2.3,29400
2012-04-12,2.38,2.42,2.38,2.42,2.42,27000
2012-04-17,2.3,2.3,2.3,2.3,2.3,20000
2012-04-18,2.36,2.42,2.36,2.4,2.4,100200
2012-04-19,2.32,2.32,2.3,2.3,2.3,56300
2012-04-20,2.3,2.3,2.3,2.3,2.3,15600
2012-04-23,2.3,2.9,2.3,2.34,2.34,103000
2012-04-24,2.34,2.34,2.3,2.34,2.34,31100
2012-04-25,2.36,2.36,2.3,2.34,2.34,56600
2012-04-26,2.36,2.36,2.32,2.32,2.32,19800
2012-04-27,2.32,2.34,2.22,2.32,2.32,44800
2012-04-30,2.34,2.34,2.32,2.32,2.32,5400
2012-05-02,2.36,2.36,2.32,2.32,2.32,1500
2012-05-03,2.3,2.34,2.28,2.32,2.32,25100
2012-05-04,2.34,2.46,2.34,2.46,2.46,10000
2012-05-08,2.46,2.46,2.3,2.32,2.32,60800
2012-05-09,2.34,2.34,2.34,2.34,2.34,400
2012-05-11,2.4,2.46,2.36,2.38,2.38,292300
2012-05-14,2.44,2.44,2.32,2.32,2.32,12000
2012-05-15,2.3,2.3,2.3,2.3,2.3,29100
2012-05-16,2.28,2.36,2.28,2.34,2.34,55700
2012-05-17,2.32,2.34,2.32,2.34,2.34,15500
2012-05-18,2.32,2.34,2.32,2.32,2.32,13500
2012-05-21,2.24,2.24,2.24,2.24,2.24,8500
2012-05-22,2.24,2.24,2.22,2.22,2.22,15000
2012-05-23,2.22,2.24,2.2,2.2,2.2,19300
2012-05-24,2.2,2.28,2.16,2.28,2.28,55000
2012-05-25,2.2,2.3,2.2,2.2,2.2,13500
2012-05-28,2.28,2.28,2.26,2.26,2.26,3000
2012-05-29,2.3,2.3,2.12,2.2,2.2,110000
2012-05-30,2.2,2.2,2.2,2.2,2.2,62100
2012-05-31,2.2,2.2,2.18,2.18,2.18,24900
2012-06-01,2.18,2.2,2.18,2.2,2.2,20100
2012-06-05,2,2,2,2,2,800
2012-06-06,2.1,2.1,2.1,2.1,2.1,3500
2012-06-07,2.16,2.16,2.16,2.16,2.16,6000
2012-06-08,2.2,2.2,2.2,2.2,2.2,900
2012-06-11,2.2,2.2,2.2,2.2,2.2,5500
2012-06-12,2.2,2.2,2.18,2.2,2.2,18100
2012-06-14,2.24,2.24,2.24,2.24,2.24,20000
2012-06-19,2.26,2.3,2.2,2.2,2.2,48200
2012-06-20,2.18,2.18,2.18,2.18,2.18,2000
2012-06-21,2.18,2.18,2.18,2.18,2.18,2000
2012-06-25,2.12,2.18,2.12,2.18,2.18,5700
2012-06-26,2.18,2.18,2.18,2.18,2.18,3300
2012-06-28,2.2,2.24,2.08,2.12,2.12,30500
2012-06-29,2.2,2.2,2.16,2.16,2.16,19700
2012-07-02,2.2,2.26,2.2,2.2,2.2,8600
2012-07-03,2.18,2.18,2.14,2.16,2.16,66400
2012-07-04,2.18,2.18,2.14,2.18,2.18,17000
2012-07-05,2.2,2.2,2.16,2.16,2.16,7100
2012-07-09,2.16,2.16,2.16,2.16,2.16,5000
2012-07-10,2.16,2.16,2.16,2.16,2.16,40000
2012-07-11,2.16,2.16,2.16,2.16,2.16,107200
2012-07-13,2.16,2.16,2.16,2.16,2.16,3300
2012-07-16,2.16,2.16,2.14,2.16,2.16,11900
2012-07-17,2.16,2.16,2.14,2.14,2.14,8900
2012-07-18,2.14,2.26,2.14,2.26,2.26,34200
2012-07-19,2.22,2.26,2.22,2.26,2.26,253000
2012-07-20,2.4,2.62,2.28,2.46,2.46,2162700
2012-07-23,2.46,2.52,2.4,2.4,2.4,330300
2012-07-24,2.4,2.92,2.4,2.74,2.74,3458200
2012-07-25,2.74,2.86,2.5,2.64,2.64,2292300
2012-07-26,2.6,2.74,2.56,2.58,2.58,1121700
2012-07-27,2.64,2.64,2.56,2.58,2.58,155200
2012-07-30,2.62,2.62,2.56,2.58,2.58,123300
2012-07-31,2.6,2.62,2.54,2.56,2.56,204100
2012-08-01,2.56,2.6,2.56,2.6,2.6,40600
2012-08-03,2.58,2.62,2.56,2.56,2.56,52500
2012-08-06,2.6,2.64,2.58,2.58,2.58,87100
2012-08-07,2.6,2.9,2.6,2.9,2.9,1410000
2012-08-08,3.1,3.26,2.94,2.96,2.96,6523400
2012-08-09,2.96,3,2.86,2.86,2.86,834300
2012-08-10,2.8,3.08,2.8,3.02,3.02,1960200
2012-08-14,3,3.08,2.88,2.92,2.92,904700
2012-08-15,2.92,3.02,2.9,2.96,2.96,876500
2012-08-16,3,3.04,2.94,3.04,3.04,836100
2012-08-17,3.04,3.16,3.02,3.06,3.06,2263500
2012-08-20,3.06,3.16,3.06,3.12,3.12,821800
2012-08-21,3.12,3.14,3.12,3.14,3.14,391300
2012-08-22,3.14,3.16,3.06,3.1,3.1,763600
2012-08-23,3.1,3.14,3.06,3.06,3.06,272800
2012-08-24,3.1,3.24,3.08,3.08,3.08,3164500
2012-08-27,3.08,3.16,3.08,3.08,3.08,540300
2012-08-28,3.14,3.2,3.1,3.12,3.12,2290100
2012-08-29,3.12,3.22,3.12,3.16,3.16,1245700
2012-08-30,3.12,3.18,3.08,3.08,3.08,794600
2012-08-31,3.1,3.12,3.06,3.06,3.06,182600
2012-09-03,3.08,3.08,3.06,3.08,3.08,171600
2012-09-04,3.12,3.18,3.12,3.12,3.12,569600
2012-09-05,3.14,3.14,3.1,3.1,3.1,208500
2012-09-06,3.1,3.14,3.08,3.14,3.14,115900
2012-09-07,3.12,3.16,3.1,3.14,3.14,308800
2012-09-10,3.18,3.2,3.16,3.2,3.2,633000
2012-09-11,3.16,3.26,3.16,3.24,3.24,804100
2012-09-12,3.26,3.36,3.26,3.3,3.3,1614200
2012-09-13,3.34,3.34,3.24,3.28,3.28,733000
2012-09-14,3.3,3.3,3.18,3.24,3.24,932500
2012-09-17,3.08,3.12,3.04,3.1,3.1,459400
2012-09-18,3.1,3.12,3.06,3.08,3.08,105000
2012-09-19,3.06,3.2,3.06,3.1,3.1,542200
2012-09-20,3.1,3.1,3,3.04,3.04,469800
2012-09-21,3.04,3.04,3.02,3.02,3.02,159500
2012-09-24,3,3,2.86,2.92,2.92,1245300
2012-09-25,2.92,3.08,2.9,3.02,3.02,963900
2012-09-26,3.02,3.22,3.02,3.02,3.02,1417900
2012-09-27,3.06,3.06,3,3,3,176300
2012-09-28,3,3.08,3,3.06,3.06,180000
2012-10-01,3.04,3.06,3.02,3.02,3.02,56200
2012-10-02,3.08,3.08,3.02,3.02,3.02,105100
2012-10-03,3.08,3.12,3.02,3.02,3.02,366400
2012-10-04,3.04,3.06,3.02,3.04,3.04,126800
2012-10-05,3.06,3.14,3.04,3.04,3.04,487400
2012-10-08,3.08,3.18,3.06,3.14,3.14,772100
2012-10-09,3.1,3.16,3.06,3.08,3.08,460400
2012-10-10,3.1,3.14,3.06,3.08,3.08,180700
2012-10-11,3.06,3.1,3.04,3.06,3.06,101800
2012-10-12,3.1,3.1,3.02,3.02,3.02,186300
2012-10-15,3.04,3.1,3.04,3.06,3.06,273800
2012-10-16,3.12,3.12,3.04,3.08,3.08,72500
2012-10-17,3.06,3.1,3.06,3.1,3.1,31000
2012-10-18,3.1,3.1,3.06,3.06,3.06,56600
2012-10-19,3.08,3.1,3.04,3.04,3.04,465000
2012-10-22,3.04,3.06,3.04,3.04,3.04,156700
2012-10-24,3.04,3.04,3.02,3.02,3.02,149600
2012-10-25,3.04,3.12,3.02,3.02,3.02,593400
2012-10-26,3.02,3.14,3.02,3.06,3.06,713600
2012-10-29,3.1,3.14,3.08,3.12,3.12,254500
2012-10-30,3.1,3.12,3.04,3.04,3.04,229800
2012-10-31,3.1,3.16,3.08,3.14,3.14,1057700
2012-11-01,3.14,3.14,3.12,3.14,3.14,528500
2012-11-02,3.14,3.18,3.12,3.14,3.14,363500
2012-11-05,3.16,3.16,3.08,3.14,3.14,151700
2012-11-06,3.12,3.12,3,3.06,3.06,903600
2012-11-07,3.06,3.06,2.86,2.88,2.88,1074100
2012-11-08,2.88,2.88,2.58,2.62,2.62,3424600
2012-11-09,2.64,2.66,2.5,2.52,2.52,826300
2012-11-12,2.52,2.56,2.48,2.52,2.52,274200
2012-11-13,2.56,2.6,2.54,2.56,2.56,341000
2012-11-14,2.56,3.32,2.54,3.32,3.32,24875700
2012-11-15,3.24,3.28,3.08,3.18,3.18,9314700
2012-11-16,3.2,3.4,3.1,3.18,3.18,5859700
2012-11-19,3.22,4.06,3.2,3.9,3.9,63499100
2012-11-20,3.86,4.74,3.76,4.38,4.38,102355500
2012-11-21,4.34,5.1,4.34,4.8,4.8,91312800
2012-11-22,5.1,5.45,4.52,4.6,4.6,60857600
2012-11-23,4.64,4.66,4.18,4.18,4.18,13626600
2012-11-26,4.28,4.86,4.22,4.68,4.68,55096700
2012-11-27,4.74,4.8,4.54,4.58,4.58,21770500
2012-11-28,4.58,4.76,4.5,4.52,4.52,24471600
2012-11-29,4.64,4.72,4.5,4.58,4.58,14320400
2012-11-30,4.62,4.64,4.52,4.54,4.54,5838500
2012-12-03,4.58,5.85,4.54,5.75,5.75,84505600
2012-12-04,5.5,6.15,5.35,5.5,5.5,64677400
2012-12-06,5.45,6.5,5.45,5.75,5.75,67691900
2012-12-07,5.8,5.9,5.55,5.55,5.55,11250000
2012-12-11,5.65,6.2,5.5,5.55,5.55,31887600
2012-12-12,5.65,5.7,5.5,5.55,5.55,7164100
2012-12-13,5.6,5.75,5.55,5.55,5.55,6229000
2012-12-14,5.65,5.65,5.5,5.55,5.55,3482900
2012-12-17,5.6,5.65,5.4,5.4,5.4,5544300
2012-12-18,5.45,5.55,5.2,5.2,5.2,6537300
2012-12-19,5.25,5.5,5.2,5.3,5.3,5676700
2012-12-20,5.3,5.45,4.98,4.98,4.98,9736900
2012-12-21,5,5.05,4.92,4.92,4.92,2728900
2012-12-24,4.98,4.98,4.7,4.7,4.7,1942800
2012-12-25,4.74,5.1,4.72,4.94,4.94,7283300
2012-12-26,4.96,5,4.82,4.84,4.84,1829000
2012-12-27,4.88,4.9,4.8,4.8,4.8,743600
2012-12-28,4.86,4.86,4.74,4.76,4.76,643000
2013-01-02,4.92,4.92,4.82,4.88,4.88,580800
2013-01-03,4.92,4.96,4.86,4.94,4.94,960700
2013-01-04,4.96,5.2,4.92,4.98,4.98,5267600
2013-01-07,5,5.15,5,5.05,5.05,4350100
2013-01-08,5.05,5.1,4.94,4.96,4.96,1698300
2013-01-09,4.98,5.1,4.94,4.94,4.94,1341900
2013-01-10,4.98,5,4.9,4.92,4.92,998700
2013-01-11,4.94,4.94,4.84,4.9,4.9,1065200
2013-01-14,4.94,4.98,4.88,4.92,4.92,1501200
2013-01-15,4.94,4.96,4.86,4.86,4.86,1008200
2013-01-16,4.88,4.96,4.8,4.8,4.8,1938300
2013-01-17,4.82,4.86,4.78,4.84,4.84,539300
2013-01-18,4.86,5,4.8,4.8,4.8,4334800
2013-01-21,4.82,4.86,4.78,4.8,4.8,547200
2013-01-22,4.82,4.84,4.74,4.76,4.76,579100
2013-01-23,4.78,5.05,4.72,4.8,4.8,6444500
2013-01-24,4.86,4.9,4.82,4.84,4.84,630100
2013-01-25,4.88,4.94,4.84,4.84,4.84,427800
2013-01-28,4.9,4.9,4.8,4.84,4.84,186800
2013-01-29,4.84,4.88,4.78,4.82,4.82,329500
2013-01-30,4.88,4.88,4.66,4.7,4.7,1759300
2013-01-31,4.74,4.74,4.66,4.66,4.66,354700
2013-02-01,4.7,4.74,4.66,4.66,4.66,268800
2013-02-04,4.68,4.72,4.66,4.66,4.66,238500
2013-02-05,4.66,4.76,4.64,4.66,4.66,669900
2013-02-06,4.66,4.7,4.62,4.66,4.66,497900
2013-02-07,4.68,5,4.66,4.84,4.84,9765900
2013-02-08,4.86,4.92,4.78,4.78,4.78,1394400
2013-02-11,4.84,4.84,4.74,4.74,4.74,369000
2013-02-12,4.84,4.84,4.7,4.7,4.7,517600
2013-02-13,4.7,4.74,4.64,4.7,4.7,731500
2013-02-14,4.7,4.72,4.6,4.62,4.62,1020900
2013-02-15,4.6,4.72,4.6,4.66,4.66,414300
2013-02-18,4.7,4.76,4.66,4.7,4.7,500600
2013-02-19,4.7,5.05,4.68,4.94,4.94,9347200
2013-02-20,5.1,5.35,4.98,5,5,17596900
2013-02-21,5,5.05,4.8,4.86,4.86,3111700
2013-02-22,4.92,5.05,4.88,4.98,4.98,2814400
2013-02-26,5.2,5.75,5.15,5.15,5.15,25871700
2013-02-27,5.25,5.35,4.84,4.84,4.84,10337700
2013-02-28,4.82,4.92,4.7,4.72,4.72,2940300
2013-03-01,4.74,4.84,4.7,4.74,4.74,2076300
2013-03-04,4.74,4.74,4.54,4.6,4.6,1764800
2013-03-05,4.6,4.66,4.6,4.64,4.64,689800
2013-03-06,4.68,4.74,4.62,4.62,4.62,810300
2013-03-07,4.66,4.68,4.62,4.62,4.62,466500
2013-03-08,4.68,4.74,4.64,4.64,4.64,1197900
2013-03-11,4.66,4.84,4.6,4.82,4.82,3480800
2013-03-12,4.88,4.92,4.78,4.8,4.8,4991300
2013-03-13,4.84,5.25,4.84,4.88,4.88,13555400
2013-03-14,4.94,5.1,4.9,5,5,4289400
2013-03-15,5.1,5.1,4.88,4.94,4.94,2805300
2013-03-18,4.92,5,4.86,4.86,4.86,1190000
2013-03-19,4.9,4.9,4.6,4.66,4.66,2200500
2013-03-20,4.7,4.7,4.3,4.32,4.32,2570500
2013-03-21,4.3,4.38,4.02,4.02,4.02,1780500
2013-03-22,4.04,4.06,3.84,3.84,3.84,1676200
2013-03-25,4.02,4.08,3.9,4,4,613300
2013-03-26,4.04,4.04,3.94,3.98,3.98,902300
2013-03-27,4.04,4.26,4.04,4.2,4.2,3737200
2013-03-28,4.32,4.38,4.14,4.16,4.16,2612300
2013-03-29,4.24,4.44,4.24,4.28,4.28,4101700
2013-04-01,4.26,4.26,4.18,4.2,4.2,1112900
2013-04-02,4.2,4.26,4.14,4.14,4.14,491300
2013-04-03,4.18,4.22,4,4.02,4.02,658400
2013-04-04,3.88,4.08,3.88,4.04,4.04,340600
2013-04-05,4,4.02,3.98,3.98,3.98,163000
2013-04-09,3.98,4.04,3.9,3.9,3.9,146500
2013-04-10,4.02,4.02,3.86,3.92,3.92,208400
2013-04-11,3.94,4.04,3.94,3.98,3.98,224400
2013-04-12,4,4.02,3.96,4.02,4.02,205900
2013-04-17,4,4.04,4,4.02,4.02,106600
2013-04-18,4.02,4.06,3.98,4.04,4.04,126100
2013-04-19,4.04,4.08,4.02,4.04,4.04,92700
2013-04-22,4.04,4.06,4.04,4.06,4.06,155000
2013-04-23,4.06,4.16,4.04,4.06,4.06,234700
2013-04-24,4.08,4.1,4,4,4,382400
2013-04-25,4.02,4.1,4,4.1,4.1,470700
2013-04-26,4.02,4.04,3.98,3.98,3.98,229600
2013-04-29,4.04,4.04,3.96,3.96,3.96,209900
2013-04-30,3.96,4.12,3.96,4,4,612400
2013-05-02,4,4,3.96,3.96,3.96,259200
2013-05-03,3.98,3.98,3.92,3.94,3.94,132900
2013-05-07,3.94,4.08,3.9,3.94,3.94,215500
2013-05-08,3.94,4.06,3.94,3.96,3.96,215600
2013-05-09,3.98,4.5,3.98,4.3,4.3,8087900
2013-05-10,4.32,4.66,4.3,4.34,4.34,5171000
2013-05-13,4.38,4.38,4.16,4.22,4.22,567300
2013-05-14,4.18,4.24,4.14,4.16,4.16,163100
2013-05-15,4.16,4.2,4.08,4.1,4.1,596200
2013-05-16,4.2,4.2,4.06,4.06,4.06,421000
2013-05-17,4.08,4.14,4.06,4.06,4.06,341800
2013-05-20,4.06,4.06,4.04,4.06,4.06,146200
2013-05-21,4.08,4.08,4.02,4.02,4.02,156400
2013-05-22,4.08,4.08,4,4.06,4.06,192000
2013-05-23,3.98,4.08,3.92,3.96,3.96,316600
2013-05-27,3.9,3.96,3.9,3.92,3.92,120700
2013-05-28,3.92,4.02,3.92,4,4,103800
2013-05-29,4.02,4.08,4.02,4.02,4.02,48500
2013-05-30,4.06,4.14,4,4,4,882900
2013-05-31,4.1,4.1,4,4,4,24600
2013-06-03,4,4,3.94,3.94,3.94,218100
2013-06-04,3.94,3.98,3.92,3.98,3.98,79000
2013-06-05,3.92,4.02,3.92,3.94,3.94,203400
2013-06-06,3.92,4,3.84,3.84,3.84,308900
2013-06-07,3.9,3.9,3.86,3.9,3.9,177600
2013-06-10,3.98,3.98,3.88,3.96,3.96,20300
2013-06-11,3.96,4,3.7,3.7,3.7,384100
2013-06-12,3.5,3.8,3.5,3.62,3.62,143900
2013-06-13,3.5,3.5,3.2,3.22,3.22,592300
2013-06-14,3.5,3.5,3.32,3.32,3.32,86100
2013-06-17,3.36,3.48,3.32,3.48,3.48,127600
2013-06-18,3.64,3.64,3.4,3.4,3.4,117700
2013-06-19,3.4,3.58,3.4,3.58,3.58,200
2013-06-20,3.56,3.56,3.3,3.3,3.3,29700
2013-06-21,3.32,3.32,3.2,3.3,3.3,85900
2013-06-24,3.3,3.4,3.24,3.32,3.32,35500
2013-06-25,3.12,3.3,3.1,3.12,3.12,123500
2013-06-26,3.14,3.22,3.14,3.22,3.22,102500
2013-06-27,3.3,3.34,3.22,3.22,3.22,157800
2013-06-28,3.22,3.32,3.16,3.22,3.22,50900
2013-07-02,3.34,3.34,3.22,3.22,3.22,4100
2013-07-03,3.3,3.3,3.16,3.16,3.16,71900
2013-07-04,3.16,3.26,3.14,3.24,3.24,67400
2013-07-05,3.18,3.3,3.16,3.26,3.26,48900
2013-07-08,3.34,3.34,3.2,3.3,3.3,1700
2013-07-09,3.18,3.3,3.16,3.28,3.28,17800
2013-07-10,3.18,3.28,3.16,3.18,3.18,32800
2013-07-11,3.2,3.24,3.16,3.16,3.16,75600
2013-07-12,3.18,3.24,3.16,3.16,3.16,56300
2013-07-15,3.18,3.26,3.18,3.18,3.18,74800
2013-07-16,3.18,3.26,3.14,3.24,3.24,147800
2013-07-17,3.2,3.4,3.2,3.36,3.36,122400
2013-07-18,3.38,3.38,3.24,3.3,3.3,100900
2013-07-19,3.36,3.42,3.14,3.36,3.36,150600
2013-07-23,3.32,3.42,3.32,3.36,3.36,89500
2013-07-24,3.28,3.48,3.28,3.36,3.36,398000
2013-07-25,3.36,3.42,3.24,3.24,3.24,143600
2013-07-26,3.26,3.32,3.2,3.26,3.26,100300
2013-07-29,3.2,3.26,3.2,3.2,3.2,46900
2013-07-30,3.26,3.36,3.22,3.22,3.22,145400
2013-07-31,3.26,3.26,3.1,3.14,3.14,101300
2013-08-01,3.26,3.32,3.14,3.3,3.3,253300
2013-08-02,3.3,3.36,3.2,3.28,3.28,43900
2013-08-05,3.28,3.28,3.18,3.18,3.18,92300
2013-08-06,3.24,3.24,3.18,3.22,3.22,88100
2013-08-07,3.2,3.22,3.18,3.18,3.18,60400
2013-08-08,3.24,3.36,3.24,3.3,3.3,165800
2013-08-09,3.3,3.34,3.18,3.2,3.2,170500
2013-08-13,3.22,3.26,3.2,3.22,3.22,288000
2013-08-14,3.26,3.26,2.7,2.74,2.74,1353600
2013-08-15,2.72,2.72,2.58,2.6,2.6,287400
2013-08-16,2.7,2.7,2.62,2.66,2.66,110900
2013-08-19,2.62,2.64,2.52,2.52,2.52,73800
2013-08-20,2.52,2.52,2.42,2.46,2.46,204800
2013-08-21,2.5,2.5,2.4,2.48,2.48,4000
2013-08-22,2.26,2.3,2.26,2.26,2.26,102100
2013-08-23,2.4,2.4,2.28,2.3,2.3,24900
2013-08-26,2.38,2.38,2.2,2.2,2.2,38700
2013-08-27,2.14,2.22,2.06,2.18,2.18,354300
2013-08-28,2.1,2.18,2.1,2.1,2.1,75600
2013-08-29,2.1,2.14,2.1,2.14,2.14,57500
2013-08-30,2.14,2.18,2.08,2.18,2.18,110100
2013-09-02,2.18,2.18,2,2.18,2.18,56400
2013-09-03,2.18,2.18,2.18,2.18,2.18,28600
2013-09-04,2.26,2.26,2.1,2.16,2.16,49100
2013-09-05,2.12,2.2,2.12,2.16,2.16,14500
2013-09-06,2.2,2.2,2.14,2.16,2.16,1900
2013-09-09,2.2,2.4,2.18,2.26,2.26,94300
2013-09-10,2.28,2.28,2.26,2.28,2.28,48300
2013-09-11,2.28,2.28,2.22,2.24,2.24,243700
2013-09-12,2.26,2.38,2.22,2.3,2.3,388500
2013-09-13,2.28,2.3,2.24,2.24,2.24,106400
2013-09-16,2.32,2.32,2.26,2.28,2.28,60100
2013-09-17,2.32,2.36,2.28,2.34,2.34,120100
2013-09-18,2.38,2.54,2.38,2.54,2.54,681800
2013-09-19,2.6,2.6,2.4,2.44,2.44,451200
2013-09-20,2.44,2.54,2.4,2.4,2.4,154000
2013-09-23,2.4,2.5,2.34,2.34,2.34,443100
2013-09-24,2.4,2.4,2.3,2.38,2.38,23000
2013-09-25,2.4,2.42,2.4,2.42,2.42,15100
2013-09-26,2.32,2.32,2.32,2.32,2.32,2200
2013-09-27,2.4,2.4,2.32,2.34,2.34,85500
2013-09-30,2.32,2.38,2.32,2.38,2.38,35700
2013-10-01,2.32,2.38,2.32,2.38,2.38,7000
2013-10-02,2.32,2.58,2.3,2.5,2.5,48500
2013-10-03,2.48,2.5,2.4,2.4,2.4,25300
2013-10-04,2.4,2.44,2.4,2.44,2.44,7500
2013-10-08,2.4,2.42,2.3,2.42,2.42,35800
2013-10-09,2.4,2.4,2.4,2.4,2.4,2800
2013-10-10,2.38,2.42,2.36,2.38,2.38,21100
2013-10-11,2.38,2.4,2.3,2.36,2.36,23100
2013-10-14,2.42,2.42,2.34,2.42,2.42,23800
2013-10-15,2.36,2.46,2.22,2.42,2.42,47200
2013-10-16,2.4,2.42,2.36,2.36,2.36,14100
2013-10-17,2.4,2.48,2.4,2.44,2.44,11500
2013-10-18,2.38,2.44,2.38,2.44,2.44,10600
2013-10-21,2.46,2.46,2.32,2.4,2.4,33800
2013-10-22,2.34,2.44,2.3,2.44,2.44,26200
2013-10-24,2.48,2.48,2.44,2.44,2.44,40400
2013-10-25,2.44,2.44,2.44,2.44,2.44,200
2013-10-28,2.46,2.48,2.4,2.44,2.44,12500
2013-10-29,2.44,2.44,2.38,2.38,2.38,17000
2013-10-30,2.34,2.4,2.3,2.3,2.3,21200
2013-10-31,2.22,2.38,2.22,2.28,2.28,55000
2013-11-01,2.3,2.4,2.3,2.4,2.4,800
2013-11-04,2.42,2.42,2.42,2.42,2.42,100
2013-11-05,2.32,2.36,2.32,2.34,2.34,3600
2013-11-06,2.4,2.4,2.4,2.4,2.4,200
2013-11-07,2.4,2.42,2.4,2.42,2.42,5800
2013-11-11,2.36,2.36,2.3,2.36,2.36,5500
2013-11-12,2.36,2.4,2.34,2.36,2.36,90500
2013-11-13,2.3,2.34,2.2,2.22,2.22,31500
2013-11-14,2.36,2.36,2.22,2.22,2.22,27100
2013-11-15,2.22,2.26,2.18,2.2,2.2,55800
2013-11-18,2.3,2.3,2.18,2.2,2.2,13600
2013-11-19,2.3,2.3,2.16,2.3,2.3,600
2013-11-20,2.28,2.3,2.22,2.22,2.22,4900
2013-11-21,2.22,2.3,2.22,2.28,2.28,33100
2013-11-22,2.2,2.28,2.14,2.14,2.14,25100
2013-11-25,2.14,2.5,2.14,2.3,2.3,30500
2013-11-26,2.3,2.4,2.24,2.24,2.24,6100
2013-11-27,2.24,2.32,2.24,2.32,2.32,9600
2013-11-28,2.24,2.3,2.22,2.22,2.22,13600
2013-11-29,2.28,2.4,2.28,2.38,2.38,26700
2013-12-02,2.4,2.48,2.28,2.38,2.38,2000
2013-12-03,2.4,2.42,2.26,2.3,2.3,26000
2013-12-06,2.26,2.28,2.2,2.2,2.2,98500
2013-12-09,2.26,2.28,2.16,2.2,2.2,24500
2013-12-11,2.2,2.2,2.2,2.2,2.2,3500
2013-12-12,2.18,2.28,2.18,2.22,2.22,12900
2013-12-13,2.18,2.22,2.14,2.22,2.22,10100
2013-12-16,2.2,2.2,2.2,2.2,2.2,27100
2013-12-17,2.26,2.28,2.16,2.2,2.2,50100
2013-12-18,2.14,2.22,2.14,2.18,2.18,45900
2013-12-19,2.16,2.18,2.14,2.18,2.18,25000
2013-12-20,2.16,2.18,2.14,2.14,2.14,18600
2013-12-23,2.16,2.16,2.14,2.14,2.14,12800
2013-12-24,2.14,2.14,2.14,2.14,2.14,14900
2013-12-26,2.2,2.24,2.12,2.12,2.12,87400
2013-12-27,2.12,2.12,2.12,2.12,2.12,10000
2014-01-02,2.18,2.46,2.08,2.08,2.08,44500
2014-01-03,2.06,2.5,2.06,2.5,2.5,29100
2014-01-06,2.1,2.2,2.06,2.2,2.2,26100
2014-01-07,2.2,2.2,2.14,2.16,2.16,17900
2014-01-08,2.16,2.2,2.12,2.12,2.12,12300
2014-01-09,2.12,2.16,2.1,2.1,2.1,16200
2014-01-10,2.1,2.1,2.1,2.1,2.1,10000
2014-01-13,2.2,2.2,2.2,2.2,2.2,2100
2014-01-14,2.1,2.24,2.1,2.24,2.24,800
2014-01-15,2.24,2.24,2.16,2.16,2.16,27200
2014-01-16,2.18,2.18,2.18,2.18,2.18,28200
2014-01-17,2.12,2.14,2.1,2.12,2.12,104500
2014-01-20,2.16,2.16,2.16,2.16,2.16,100
2014-01-21,2.1,2.2,2.1,2.16,2.16,4500
2014-01-22,2.16,2.18,2.16,2.18,2.18,1400
2014-01-23,2.16,2.48,2.14,2.18,2.18,61900
2014-01-24,2.36,2.36,2.3,2.3,2.3,200
2014-01-27,2.3,2.38,2.28,2.28,2.28,27600
2014-01-28,2.36,2.36,2.2,2.32,2.32,40200
2014-01-29,2.36,2.36,2.28,2.28,2.28,31100
2014-01-30,2.34,2.36,2.34,2.36,2.36,11100
2014-01-31,2.28,2.28,2.26,2.26,2.26,12000
2014-02-03,2.26,2.3,2.26,2.3,2.3,49000
2014-02-05,2.3,2.3,2.3,2.3,2.3,58000
2014-02-07,2.3,2.32,2.24,2.28,2.28,62600
2014-02-10,2.22,2.3,2.12,2.3,2.3,13800
2014-02-11,2.28,2.34,2.28,2.32,2.32,145300
2014-02-12,2.3,2.38,2.3,2.36,2.36,138700
2014-02-13,2.32,2.38,2.32,2.38,2.38,48600
2014-02-17,2.36,2.44,2.36,2.36,2.36,67300
2014-02-18,2.36,2.5,2.36,2.38,2.38,119900
2014-02-19,2.46,2.46,2.44,2.44,2.44,77500
2014-02-20,2.46,2.46,2.38,2.44,2.44,69200
2014-02-21,2.4,2.48,2.4,2.46,2.46,177600
2014-02-24,2.46,2.52,2.46,2.5,2.5,294200
2014-02-25,2.58,2.74,2.58,2.7,2.7,382800
2014-02-26,2.66,2.66,2.54,2.62,2.62,216300
2014-02-27,2.62,2.66,2.56,2.56,2.56,99600
2014-02-28,2.66,2.66,2.54,2.54,2.54,30300
2014-03-03,2.5,2.66,2.46,2.48,2.48,158100
2014-03-04,2.48,2.5,2.46,2.5,2.5,35000
2014-03-05,2.5,2.66,2.5,2.54,2.54,85300
2014-03-06,2.54,2.54,2.54,2.54,2.54,36100
2014-03-07,2.66,2.66,2.52,2.54,2.54,50000
2014-03-10,2.52,2.6,2.52,2.56,2.56,67000
2014-03-11,2.58,2.66,2.58,2.66,2.66,76200
2014-03-12,2.64,2.64,2.62,2.62,2.62,5000
2014-03-13,2.68,2.68,2.62,2.64,2.64,23600
2014-03-14,2.64,2.68,2.62,2.62,2.62,22900
2014-03-17,2.6,2.62,2.6,2.62,2.62,11500
2014-03-18,2.6,2.68,2.6,2.68,2.68,13300
2014-03-19,2.74,2.74,2.64,2.68,2.68,3100
2014-03-20,2.62,2.68,2.6,2.62,2.62,240700
2014-03-21,2.68,2.68,2.62,2.68,2.68,3200
2014-03-24,2.6,2.7,2.6,2.7,2.7,10100
2014-03-25,2.62,2.62,2.58,2.58,2.58,262000
2014-03-26,2.6,2.74,2.6,2.74,2.74,256000
2014-03-27,2.74,2.9,2.72,2.74,2.74,469300
2014-03-28,2.74,2.78,2.74,2.76,2.76,27000
2014-03-31,2.76,2.8,2.76,2.76,2.76,14500
2014-04-01,2.76,2.76,2.66,2.68,2.68,155600
2014-04-02,2.7,2.72,2.68,2.7,2.7,114100
2014-04-03,2.7,2.72,2.7,2.72,2.72,4500
2014-04-04,2.72,2.74,2.72,2.72,2.72,24000
2014-04-08,2.76,2.82,2.72,2.78,2.78,45800
2014-04-09,2.78,2.82,2.78,2.8,2.8,31500
2014-04-10,2.8,2.88,2.8,2.82,2.82,105300
2014-04-11,2.82,2.86,2.82,2.86,2.86,22200
2014-04-16,2.86,2.94,2.86,2.92,2.92,114300
2014-04-17,2.96,3.16,2.96,3.1,3.1,591500
2014-04-18,3.12,3.12,3.04,3.04,3.04,24600
2014-04-21,3.06,3.08,3.04,3.06,3.06,7300
2014-04-22,3.14,3.14,3.04,3.06,3.06,140400
2014-04-23,3.06,3.1,3,3.06,3.06,70600
2014-04-24,3.1,3.1,3.02,3.1,3.1,58100
2014-04-25,3.08,3.1,3.04,3.04,3.04,144600
2014-04-28,2.98,2.98,2.96,2.98,2.98,71900
2014-04-29,3,3.04,2.98,2.98,2.98,87000
2014-04-30,3,3,2.98,2.98,2.98,65000
2014-05-02,2.98,3.04,2.98,3,3,190800
2014-05-06,3.04,3.04,3.02,3.02,3.02,129900
2014-05-07,3.04,3.92,3,3.92,3.92,10256600
2014-05-08,3.86,4.24,3.74,3.74,3.74,14567200
2014-05-09,3.78,3.82,3.32,3.4,3.4,3514700
2014-05-12,3.4,3.52,3.36,3.42,3.42,1092500
2014-05-14,3.42,3.64,3.42,3.48,3.48,2214400
2014-05-15,3.52,3.64,3.46,3.46,3.46,721100
2014-05-16,3.44,3.58,3.44,3.5,3.5,361500
2014-05-19,3.58,3.74,3.56,3.68,3.68,1778500
2014-05-20,3.64,3.7,3.6,3.66,3.66,723700
2014-05-21,3.7,4,3.7,3.84,3.84,4248500
2014-05-22,3.92,3.94,3.8,3.8,3.8,701700
2014-05-23,3.62,3.82,3.6,3.82,3.82,531900
2014-05-26,3.92,3.98,3.86,3.9,3.9,1844500
2014-05-27,3.9,3.92,3.86,3.86,3.86,486600
2014-05-28,3.94,3.94,3.88,3.9,3.9,720700
2014-05-29,3.9,3.96,3.9,3.92,3.92,267500
2014-05-30,3.96,3.96,3.92,3.92,3.92,400600
2014-06-02,4.1,4.18,4.08,4.14,4.14,1627300
2014-06-03,4.18,4.18,4.1,4.12,4.12,495600
2014-06-04,4.14,4.14,4.04,4.06,4.06,387500
2014-06-05,4.06,4.1,4.04,4.06,4.06,83500
2014-06-06,4.1,4.16,4.08,4.12,4.12,563700
2014-06-09,4.16,4.18,4.12,4.14,4.14,611900
2014-06-10,4.2,4.2,4.12,4.18,4.18,353200
2014-06-11,4.16,4.2,4.14,4.18,4.18,457100
2014-06-12,4.18,4.18,4.14,4.18,4.18,173800
2014-06-13,4.16,4.18,4.16,4.18,4.18,177400
2014-06-16,4.18,4.32,4.18,4.32,4.32,1070500
2014-06-17,4.36,4.38,4.3,4.34,4.34,718000
2014-06-18,4.4,4.4,4.3,4.32,4.32,165200
2014-06-19,4.34,4.38,4.3,4.38,4.38,72900
2014-06-20,4.44,4.44,4.4,4.44,4.44,158500
2014-06-23,4.46,4.5,4.42,4.44,4.44,249400
2014-06-24,4.5,4.5,4.44,4.46,4.46,64100
2014-06-25,4.52,4.52,4.44,4.44,4.44,355000
2014-06-26,4.5,4.74,4.44,4.58,4.58,2280800
2014-06-27,4.6,4.64,4.52,4.56,4.56,433100
2014-06-30,4.54,4.62,4.4,4.46,4.46,702500
2014-07-02,4.46,4.64,4.46,4.5,4.5,998100
2014-07-03,4.56,4.68,4.54,4.6,4.6,1373500
2014-07-04,4.68,4.7,4.6,4.66,4.66,2137400
2014-07-07,4.66,4.74,4.62,4.66,4.66,1515100
2014-07-08,4.66,4.78,4.66,4.66,4.66,1753500
2014-07-09,4.68,4.7,4.66,4.66,4.66,475000
2014-07-10,4.68,4.7,4.64,4.66,4.66,463700
2014-07-14,4.64,4.64,4.56,4.6,4.6,365900
2014-07-15,4.54,4.64,4.54,4.54,4.54,452900
2014-07-16,4.52,4.64,4.52,4.6,4.6,857000
2014-07-17,4.6,4.6,4.54,4.56,4.56,275300
2014-07-18,4.54,4.54,4.44,4.48,4.48,318900
2014-07-21,4.48,4.58,4.48,4.5,4.5,251000
2014-07-22,4.44,4.48,4.4,4.46,4.46,954700
2014-07-23,3.6,3.64,3.5,3.58,3.58,2060000
2014-07-24,3.54,3.6,3.54,3.58,3.58,544700
2014-07-25,3.54,3.58,3.52,3.52,3.52,310000
2014-07-28,3.52,3.64,3.52,3.54,3.54,639000
2014-07-29,3.56,3.62,3.54,3.54,3.54,445500
2014-07-30,3.5,3.52,3.36,3.4,3.4,471400
2014-07-31,3.34,3.48,3.34,3.44,3.44,129000
2014-08-01,3.38,3.44,3.38,3.44,3.44,106000
2014-08-04,3.46,3.54,3.44,3.5,3.5,256800
2014-08-05,3.54,3.64,3.52,3.64,3.64,170100
2014-08-06,3.66,3.72,3.62,3.66,3.66,619500
2014-08-07,3.68,3.72,3.66,3.68,3.68,87000
2014-08-08,3.68,3.68,3.62,3.68,3.68,146900
2014-08-13,3.66,3.74,3.66,3.7,3.7,132100
2014-08-14,3.8,3.88,3.74,3.84,3.84,1834600
2014-08-15,3.9,3.9,3.74,3.76,3.76,493200
2014-08-18,3.76,3.78,3.74,3.76,3.76,128400
2014-08-19,3.76,3.76,3.72,3.76,3.76,145100
2014-08-20,3.76,3.8,3.74,3.76,3.76,115300
2014-08-21,3.8,3.82,3.76,3.78,3.78,326800
2014-08-22,3.76,3.82,3.76,3.82,3.82,135300
2014-08-25,3.84,3.92,3.82,3.86,3.86,421200
2014-08-26,3.9,4.46,3.88,4.02,4.02,4493900
2014-08-27,3.94,3.98,3.9,3.94,3.94,793900
2014-08-28,3.94,3.98,3.84,3.84,3.84,216800
2014-08-29,3.8,3.9,3.8,3.84,3.84,153900
2014-09-01,3.82,3.94,3.82,3.82,3.82,282200
2014-09-02,3.84,3.92,3.84,3.84,3.84,271100
2014-09-03,3.9,3.9,3.84,3.84,3.84,598700
2014-09-04,3.86,3.9,3.86,3.86,3.86,40700
2014-09-05,3.9,4.04,3.9,4,4,684500
2014-09-08,4.06,4.06,3.94,3.94,3.94,456900
2014-09-09,4.02,4.02,3.96,3.98,3.98,388900
2014-09-10,4.04,4.04,3.9,3.98,3.98,212600
2014-09-11,3.96,4,3.9,3.94,3.94,306000
2014-09-12,3.9,3.94,3.88,3.9,3.9,188400
2014-09-15,3.9,3.9,3.82,3.84,3.84,78900
2014-09-16,3.82,3.98,3.82,3.86,3.86,141600
2014-09-17,3.98,3.98,3.78,3.8,3.8,210100
2014-09-18,3.82,3.86,3.8,3.84,3.84,74700
2014-09-19,3.88,3.9,3.74,3.74,3.74,276000
2014-09-22,3.74,4.04,3.74,4.04,4.04,1088400
2014-09-23,4.4,4.74,4.16,4.2,4.2,11744100
2014-09-24,4.2,4.22,4.02,4.04,4.04,1938600
2014-09-25,4.04,4.08,4.02,4.06,4.06,311900
2014-09-26,4.04,4.1,4.02,4.06,4.06,261700
2014-09-29,4.08,4.16,4.06,4.08,4.08,706100
2014-09-30,4.08,4.34,4.08,4.14,4.14,1931300
2014-10-01,4.14,4.24,4.14,4.18,4.18,532100
2014-10-02,4.24,4.24,4.14,4.16,4.16,867700
2014-10-03,4.24,4.56,4.24,4.44,4.44,8319900
2014-10-06,4.52,5.1,4.52,4.52,4.52,31572400
2014-10-07,4.52,5,4.5,4.72,4.72,21268400
2014-10-08,4.84,4.88,4.64,4.66,4.66,5723800
2014-10-09,4.9,4.98,4.78,4.86,4.86,9272500
2014-10-10,4.78,4.84,4.52,4.6,4.6,4705300
2014-10-13,4.6,4.6,4.28,4.3,4.3,3434800
2014-10-14,4.38,4.48,4.28,4.44,4.44,2794300
2014-10-15,4.4,4.44,4.34,4.34,4.34,1596200
2014-10-16,4.3,4.32,4.22,4.22,4.22,1093400
2014-10-17,4.18,4.2,4.1,4.12,4.12,1264000
2014-10-20,4.12,4.14,4.08,4.1,4.1,526600
2014-10-21,4.1,4.16,4.1,4.12,4.12,114300
2014-10-22,4.16,4.26,4.1,4.12,4.12,945600
2014-10-24,4.18,4.18,4.12,4.14,4.14,288700
2014-10-27,4.14,4.2,4.14,4.2,4.2,609300
2014-10-28,4.2,4.3,4.2,4.28,4.28,994200
2014-10-29,4.36,4.4,4.32,4.32,4.32,1450000
2014-10-30,4.32,4.38,4.32,4.36,4.36,549200
2014-10-31,4.4,4.42,4.36,4.36,4.36,401600
2014-11-03,4.36,4.4,4.26,4.3,4.3,299600
2014-11-04,4.24,4.26,4.2,4.24,4.24,298200
2014-11-05,4.22,4.28,4.16,4.16,4.16,597100
2014-11-06,4.18,4.2,4.14,4.18,4.18,430700
2014-11-07,4.18,4.22,4.14,4.2,4.2,336300
2014-11-10,4.2,4.3,4.16,4.24,4.24,215700
2014-11-11,4.26,4.26,4.12,4.12,4.12,998500
2014-11-12,4.08,4.14,3.96,3.98,3.98,1355100
2014-11-13,3.94,4.08,3.9,4.04,4.04,638800
2014-11-14,4.06,4.08,4,4.06,4.06,226900
2014-11-17,4.04,4.08,4.04,4.06,4.06,233700
2014-11-18,4.06,4.08,4.04,4.08,4.08,182000
2014-11-19,4.08,4.08,4.04,4.06,4.06,305200
2014-11-20,4.1,4.14,4.06,4.08,4.08,315100
2014-11-21,4.12,4.12,4.08,4.08,4.08,67000
2014-11-24,4.08,4.1,4.06,4.08,4.08,367200
2014-11-25,4.1,4.1,4.06,4.08,4.08,253900
2014-11-26,4.1,4.1,4.06,4.08,4.08,181800
2014-11-27,4.08,4.1,4.08,4.08,4.08,19100
2014-11-28,4.08,4.12,4.08,4.08,4.08,183900
2014-12-01,4.1,4.1,4.08,4.08,4.08,102000
2014-12-02,4.08,4.1,4.08,4.08,4.08,163400
2014-12-03,4.06,4.08,4.06,4.06,4.06,200200
2014-12-04,4.06,4.08,4.06,4.08,4.08,191700
2014-12-08,4.08,4.08,4.02,4.02,4.02,85600
2014-12-09,4.04,4.04,4,4,4,65500
2014-12-11,3.98,4,3.92,3.92,3.92,91800
2014-12-12,3.92,3.96,3.92,3.94,3.94,93600
2014-12-15,3.84,3.84,3.7,3.78,3.78,1190200
2014-12-16,3.72,3.76,3.7,3.76,3.76,78000
2014-12-17,3.74,3.8,3.74,3.74,3.74,289200
2014-12-18,3.76,3.86,3.76,3.86,3.86,370100
2014-12-19,3.86,3.98,3.86,3.92,3.92,173700
2014-12-22,3.9,3.96,3.9,3.96,3.96,50000
2014-12-23,3.88,3.94,3.88,3.94,3.94,127100
2014-12-24,4,4,3.9,3.96,3.96,153800
2014-12-25,3.96,4,3.9,3.9,3.9,52900
2014-12-26,3.9,3.92,3.9,3.9,3.9,139000
2014-12-29,3.9,3.92,3.9,3.92,3.92,78200
2014-12-30,3.98,4.04,3.96,3.98,3.98,31500
2015-01-05,4.08,4.08,3.86,3.98,3.98,29800
2015-01-06,3.88,3.94,3.88,3.94,3.94,18200
2015-01-07,3.9,4,3.9,4,4,57700
2015-01-08,3.98,4.04,3.98,4.04,4.04,162700
2015-01-09,4.02,4.04,3.98,4.04,4.04,13900
2015-01-12,4,4.04,3.96,4.04,4.04,54300
2015-01-13,4,4.04,4,4.02,4.02,69400
2015-01-14,4.02,4.08,4,4,4,98100
2015-01-15,4.04,4.2,3.96,4,4,441700
2015-01-16,4,4.06,4,4,4,228800
2015-01-19,4.06,4.1,4.04,4.04,4.04,56300
2015-01-20,4.02,4.12,4.02,4.04,4.04,63800
2015-01-21,4.08,4.08,4,4.08,4.08,31400
2015-01-22,4.08,4.1,4.06,4.06,4.06,43400
2015-01-23,4.1,4.14,4.06,4.12,4.12,121600
2015-01-26,4.12,4.12,4,4,4,82300
2015-01-27,4,4.1,4,4.1,4.1,418900
2015-01-28,4.08,4.1,4.06,4.06,4.06,40800
2015-01-29,4.06,4.1,4.06,4.1,4.1,94000
2015-01-30,4.1,4.12,4.08,4.08,4.08,32900
2015-02-02,4.08,4.08,4,4.06,4.06,171300
2015-02-03,4.06,4.08,4.02,4.08,4.08,25100
2015-02-04,4.02,4.08,4.02,4.06,4.06,49500
2015-02-05,4.06,4.06,4.02,4.04,4.04,44600
2015-02-06,4.02,4.06,4,4.04,4.04,417600
2015-02-09,4.04,4.06,4,4.06,4.06,100800
2015-02-10,4.04,4.06,4,4.04,4.04,97800
2015-02-11,4.06,4.1,4,4.02,4.02,889800
2015-02-12,4.04,4.18,4.02,4.12,4.12,983300
2015-02-13,4.16,4.2,4.1,4.14,4.14,788100
2015-02-16,4.18,4.22,4.14,4.16,4.16,577700
2015-02-17,4.16,4.2,4.06,4.1,4.1,211500
2015-02-18,4.1,4.1,4.04,4.04,4.04,64100
2015-02-19,4.04,4.12,4.04,4.12,4.12,185600
2015-02-20,4.14,4.4,4.12,4.18,4.18,4201800
2015-02-23,4.22,4.44,4.16,4.22,4.22,3171500
2015-02-24,4.28,4.28,4.1,4.14,4.14,561600
2015-02-25,4.26,4.56,4.2,4.52,4.52,15659300
2015-02-26,4.58,4.64,4.34,4.38,4.38,7028800
2015-02-27,4.44,4.48,4.36,4.4,4.4,955900
2015-03-02,4.4,4.5,4.4,4.48,4.48,1436500
2015-03-03,4.48,4.72,4.44,4.44,4.44,3939000
2015-03-05,5.2,5.75,4.8,5.2,5.2,33736500
2015-03-06,5.3,5.75,5.05,5.7,5.7,12173100
2015-03-09,6,6.75,5.9,6.75,6.75,25136300
2015-03-10,6.8,7.1,5.8,5.8,5.8,16356100
2015-03-11,5.7,6.2,5.6,6.1,6.1,8715900
2015-03-12,6.1,6.25,5.8,5.8,5.8,4472700
2015-03-13,5.85,6.05,5.55,5.7,5.7,4070400
2015-03-16,5.55,5.85,5.5,5.7,5.7,2903100
2015-03-17,5.7,6.35,5.6,6.35,6.35,8267000
2015-03-18,6.45,6.65,6,6.15,6.15,5361600
2015-03-19,6.1,6.8,6.1,6.35,6.35,8787000
2015-03-20,6.45,6.55,6.1,6.25,6.25,3581000
2015-03-23,6.25,6.3,5.95,6.05,6.05,1874100
2015-03-24,5.9,6.35,5.2,6.2,6.2,5160000
2015-03-25,6.1,6.25,5.95,6.25,6.25,1764300
2015-03-26,6.15,6.15,5.7,5.85,5.85,1822800
2015-03-27,5.8,5.95,5.55,5.8,5.8,737900
2015-03-30,5.75,5.85,5.7,5.75,5.75,328200
2015-03-31,5.85,6,5.75,5.8,5.8,229400
2015-04-01,5.75,5.9,5.75,5.8,5.8,289600
2015-04-02,5.7,6,5.7,5.8,5.8,687800
2015-04-03,5.8,6.2,5.8,6.15,6.15,1564000
2015-04-07,6.6,7.2,6.2,6.65,6.65,13154300
2015-04-08,6.65,6.9,6.45,6.6,6.6,2913300
2015-04-09,6.65,7.9,6.65,7.8,7.8,20535700
2015-04-10,8.15,8.35,7.35,7.45,7.45,9641300
2015-04-16,7.8,7.8,7.25,7.45,7.45,1855300
2015-04-17,7.5,7.8,7.45,7.65,7.65,2110200
2015-04-20,7.75,7.75,7.4,7.55,7.55,1621400
2015-04-21,7.55,7.75,7.5,7.5,7.5,1560000
2015-04-22,7.5,7.6,6.6,6.6,6.6,3368100
2015-04-23,6.4,6.55,5.7,5.7,5.7,4355600
2015-04-24,5.45,5.85,5.45,5.65,5.65,2517400
2015-04-27,5.45,5.7,5.45,5.45,5.45,1763600
2015-04-28,5.2,5.5,5.15,5.3,5.3,1146200
2015-04-29,5.45,5.55,5.3,5.35,5.35,1065000
2015-04-30,5.35,5.6,5.35,5.5,5.5,1034900
2015-05-06,5.45,5.45,4.92,5,5,569400
2015-05-07,5,5.05,4.7,4.72,4.72,594500
2015-05-08,4.68,4.82,4.52,4.76,4.76,1089000
2015-05-11,4.8,5.25,4.8,4.84,4.84,3263200
2015-05-12,4.84,5,4.76,4.92,4.92,1721100
2015-05-13,4.96,5.7,4.96,5.7,5.7,10109700
2015-05-14,5.6,5.8,5.45,5.7,5.7,2951200
2015-05-15,5.8,5.8,5.25,5.3,5.3,2392100
2015-05-18,5.1,5.1,4.98,5.1,5.1,1662600
2015-05-19,5.1,5.3,5.1,5.25,5.25,1054300
2015-05-20,5.3,5.9,5.3,5.4,5.4,3894800
2015-05-21,5.45,5.5,5.2,5.3,5.3,707900
2015-05-22,5.3,5.35,5.15,5.3,5.3,269800
2015-05-25,5.4,5.5,5.2,5.45,5.45,184600
2015-05-26,5.45,5.45,5.25,5.25,5.25,150500
2015-05-27,5.2,5.4,5.2,5.3,5.3,80900
2015-05-28,5.35,5.8,5.3,5.35,5.35,1706000
2015-05-29,5.35,5.4,5.25,5.3,5.3,202700
2015-06-02,5.35,5.35,5.05,5.05,5.05,210400
2015-06-03,5.15,5.2,5.05,5.05,5.05,337500
2015-06-04,5.05,5.1,5.05,5.05,5.05,77600
2015-06-05,5.1,5.55,5.05,5.15,5.15,1806300
2015-06-08,5.2,5.2,5.05,5.05,5.05,312700
2015-06-09,5.05,5.25,5.05,5.05,5.05,470700
2015-06-10,5.1,5.2,5.05,5.1,5.1,279200
2015-06-11,5.1,5.35,5.1,5.15,5.15,773000
2015-06-12,5.15,5.2,5.05,5.05,5.05,205500
2015-06-15,5.1,5.15,5,5.05,5.05,319300
2015-06-16,5.1,5.4,5.05,5.15,5.15,1527300
2015-06-17,5.15,5.35,5.15,5.15,5.15,439200
2015-06-18,5.25,5.45,5.2,5.3,5.3,1094600
2015-06-19,5.35,5.35,5.1,5.15,5.15,418700
2015-06-22,5.25,5.4,5.1,5.2,5.2,1148400
2015-06-23,5.2,5.35,5.05,5.05,5.05,712500
2015-06-24,5.15,5.2,5.1,5.15,5.15,245400
2015-06-25,5.2,5.3,5.2,5.2,5.2,894600
2015-06-26,5.25,5.25,5.1,5.1,5.1,211000
2015-06-29,5,5.15,5,5.1,5.1,134700
2015-06-30,5.15,5.15,5.05,5.1,5.1,155000
2015-07-02,5.1,5.2,5.05,5.05,5.05,231200
2015-07-03,5.15,5.15,5.05,5.05,5.05,112800
2015-07-06,5,5.1,5,5.05,5.05,180500
2015-07-07,5.05,5.2,5.05,5.05,5.05,171600
2015-07-08,5.05,5.15,4.98,5,5,221600
2015-07-09,5,5.05,5,5.05,5.05,139700
2015-07-10,5.05,5.05,5,5,5,85800
2015-07-13,5,5,4.98,5,5,191400
2015-07-14,5,5.05,4.98,4.98,4.98,147700
2015-07-15,5,5,4.98,4.98,4.98,27700
2015-07-16,4.98,5,4.96,4.96,4.96,136800
2015-07-17,4.98,4.98,4.9,4.9,4.9,195200
2015-07-20,4.9,4.98,4.9,4.9,4.9,54700
2015-07-21,4.9,4.9,4.74,4.74,4.74,271600
2015-07-22,4.68,4.74,4.68,4.7,4.7,46800
2015-07-23,4.7,4.94,4.62,4.92,4.92,526400
2015-07-24,4.9,4.9,4.66,4.66,4.66,834400
2015-07-27,4.66,4.66,4.58,4.58,4.58,337300
2015-07-28,4.5,4.5,4.24,4.3,4.3,1158200
2015-07-29,4.36,4.36,4.26,4.3,4.3,43900
2015-07-31,4.3,4.4,4.28,4.4,4.4,146800
2015-08-03,4.42,4.46,4.4,4.42,4.42,64900
2015-08-04,4.42,4.6,4.42,4.6,4.6,183700
2015-08-05,4.64,5.15,4.64,5.05,5.05,807400
2015-08-06,5.1,5.1,5,5.1,5.1,95200
2015-08-07,5,5.15,5,5.1,5.1,75100
2015-08-10,5,5.1,4.96,4.98,4.98,377600
2015-08-11,4.98,5.05,4.98,5.05,5.05,79300
2015-08-13,5.05,5.05,4.8,5,5,165700
2015-08-14,5.1,5.45,4.94,5.3,5.3,969100
2015-08-17,5.4,5.55,5.35,5.45,5.45,1841500
2015-08-18,5.1,5.5,5.1,5.5,5.5,566600
2015-08-19,5.7,6.1,5.65,5.9,5.9,5015700
2015-08-20,6,6,5.65,5.8,5.8,2543000
2015-08-21,5.85,6.05,5.7,5.7,5.7,1532000
2015-08-24,5.45,5.6,4.6,4.9,4.9,1137900
2015-08-25,4.88,5.3,4.84,5,5,742700
2015-08-26,5.05,5.2,5.05,5.05,5.05,396600
2015-08-27,5.1,5.2,5.05,5.1,5.1,222700
2015-08-28,5.2,5.25,5.05,5.1,5.1,194400
2015-08-31,5.15,5.3,5.1,5.2,5.2,522300
2015-09-01,5.25,5.3,5,5.05,5.05,618800
2015-09-02,5.05,5.2,5.05,5.15,5.15,90700
2015-09-03,5.15,5.25,5.15,5.25,5.25,133400
2015-09-04,5.3,5.3,5.15,5.15,5.15,211500
2015-09-07,5.15,5.25,5.15,5.25,5.25,230300
2015-09-08,5.1,5.1,5,5.1,5.1,192600
2015-09-09,5.1,5.15,5.05,5.1,5.1,148600
2015-09-10,5.1,5.2,5.05,5.05,5.05,162200
2015-09-11,5.1,5.15,5,5.05,5.05,160500
2015-09-14,5,5.05,4.92,4.94,4.94,295400
2015-09-15,4.84,4.98,4.84,4.94,4.94,155700
2015-09-16,4.92,4.96,4.92,4.92,4.92,43100
2015-09-17,4.96,5,4.94,4.98,4.98,190800
2015-09-18,4.98,5.2,4.98,5.05,5.05,364700
2015-09-21,5,5.15,5,5,5,35000
2015-09-22,5,5.2,5,5.05,5.05,145500
2015-09-23,5,5.15,5,5,5,103700
2015-09-24,5,5.05,5,5,5,69500
2015-09-25,5.05,5.1,4.98,4.98,4.98,75100
2015-09-28,4.98,5,4.84,4.88,4.88,217700
2015-09-29,4.88,4.96,4.86,4.92,4.92,8100
2015-09-30,4.92,4.94,4.92,4.94,4.94,1900
2015-10-01,4.92,4.92,4.86,4.86,4.86,40500
2015-10-02,4.84,4.92,4.84,4.88,4.88,39100
2015-10-05,4.92,4.92,4.86,4.92,4.92,17700
2015-10-06,4.9,4.96,4.86,4.96,4.96,156200
2015-10-07,4.92,4.96,4.92,4.92,4.92,88600
2015-10-08,4.94,5,4.94,4.96,4.96,141500
2015-10-09,5,5,4.96,4.96,4.96,38500
2015-10-12,4.96,5,4.96,4.98,4.98,176500
2015-10-13,5,5.1,5,5.1,5.1,268600
2015-10-14,5.15,5.25,5.05,5.05,5.05,848400
2015-10-15,5.05,5.2,5.05,5.15,5.15,231600
2015-10-16,5.25,5.25,5.1,5.1,5.1,234700
2015-10-19,5.1,5.2,5.1,5.2,5.2,900
2015-10-20,5.1,5.25,5.05,5.2,5.2,111500
2015-10-21,5.2,5.7,5.15,5.7,5.7,3847900
2015-10-22,5.85,5.9,5.5,5.6,5.6,2877400
2015-10-26,5.55,5.75,5.5,5.55,5.55,603800
2015-10-27,5.65,5.75,5.6,5.6,5.6,316300
2015-10-28,5.65,5.75,5.6,5.6,5.6,521400
2015-10-29,5.65,5.65,5.35,5.35,5.35,646700
2015-10-30,5.3,5.6,5.3,5.4,5.4,390200
2015-11-02,5.4,5.65,5.4,5.65,5.65,130800
2015-11-03,5.7,5.7,5.55,5.55,5.55,193100
2015-11-04,5.65,5.75,5.55,5.6,5.6,331500
2015-11-05,5.55,5.7,5.5,5.65,5.65,181600
2015-11-06,5.65,5.65,5.55,5.55,5.55,58000
2015-11-09,5.45,5.5,5.4,5.4,5.4,144200
2015-11-10,5.4,5.6,5.4,5.5,5.5,122400
2015-11-11,5.6,6.6,5.55,6.45,6.45,10103100
2015-11-12,6.4,6.55,6.05,6.2,6.2,3487400
2015-11-13,6.15,6.3,5.8,5.9,5.9,2263700
2015-11-16,5.8,6.2,5.75,6.2,6.2,3531300
2015-11-17,6.25,6.25,6.05,6.05,6.05,1301800
2015-11-18,6.05,6.35,5.9,5.9,5.9,3746800
2015-11-19,6,6.1,5.9,6.1,6.1,666700
2015-11-20,6.1,6.35,6.05,6.2,6.2,2384600
2015-11-23,6.2,6.55,6.15,6.2,6.2,2416900
2015-11-24,6.2,6.35,6.05,6.05,6.05,787200
2015-11-25,6.05,6.2,6.05,6.05,6.05,415000
2015-11-26,6.15,6.2,5.9,6,6,380600
2015-11-27,6,6.15,5.75,5.8,5.8,722000
2015-11-30,5.85,5.9,5.6,5.6,5.6,250000
2015-12-01,5.5,5.7,5.5,5.6,5.6,1010300
2015-12-02,5.65,5.8,5.5,5.55,5.55,823900
2015-12-03,5.6,5.6,5.4,5.5,5.5,542100
2015-12-04,5.4,5.5,5.4,5.4,5.4,120100
2015-12-08,5.3,5.4,5.3,5.3,5.3,258200
2015-12-09,5.3,5.4,5.25,5.3,5.3,116900
2015-12-11,5.3,5.45,5.2,5.3,5.3,134200
2015-12-14,5.2,5.45,5.15,5.2,5.2,343200
2015-12-15,5.25,5.4,5.25,5.4,5.4,360700
2015-12-16,5.4,5.45,5.25,5.25,5.25,512200
2015-12-17,5.35,5.4,5.3,5.4,5.4,247700
2015-12-18,5.35,5.4,5.25,5.25,5.25,86800
2015-12-21,5.25,5.3,5.15,5.15,5.15,326600
2015-12-22,5.3,5.3,5.1,5.1,5.1,91600
2015-12-23,5.2,5.2,5.05,5.1,5.1,175300
2015-12-24,5.2,5.2,5.1,5.15,5.15,187300
2015-12-25,5.2,5.2,5.15,5.2,5.2,55800
2015-12-28,5.2,5.3,5.2,5.3,5.3,95400
2015-12-29,5.3,5.5,5.25,5.3,5.3,1185700
2015-12-30,5.4,5.6,5.35,5.35,5.35,1197400
2016-01-04,5.4,5.4,5.25,5.3,5.3,318200
2016-01-05,5.3,5.35,5.25,5.3,5.3,228900
2016-01-06,5.3,5.45,5.3,5.35,5.35,290500
2016-01-07,5.3,5.4,5.25,5.35,5.35,97900
2016-01-08,5.3,5.4,5.3,5.35,5.35,158600
2016-01-11,5.35,5.4,5.3,5.35,5.35,64800
2016-01-12,5.4,5.6,5.4,5.6,5.6,406800
2016-01-13,5.65,5.65,5.45,5.55,5.55,457300
2016-01-14,5.55,5.65,5.5,5.6,5.6,192600
2016-01-15,5.75,5.8,5.55,5.55,5.55,640200
2016-01-18,5.6,5.65,5.6,5.6,5.6,191000
2016-01-19,5.65,5.9,5.65,5.75,5.75,796500
2016-01-20,5.75,5.75,5.6,5.65,5.65,266800
2016-01-21,5.7,5.8,5.6,5.6,5.6,463800
2016-01-22,5.7,5.8,5.7,5.75,5.75,317300
2016-01-25,5.7,5.75,5.55,5.55,5.55,146600
2016-01-26,5.6,5.6,5.5,5.6,5.6,68500
2016-01-27,5.5,5.65,5.5,5.6,5.6,76600
2016-01-28,5.6,5.6,5.5,5.5,5.5,68700
2016-01-29,5.6,5.6,5.45,5.5,5.5,55900
2016-02-01,5.5,5.55,5.5,5.5,5.5,52000
2016-02-02,5.55,5.6,5.5,5.5,5.5,85400
2016-02-03,5.55,5.55,5.45,5.45,5.45,91400
2016-02-04,5.5,5.75,5.4,5.45,5.45,773000
2016-02-05,5.5,5.55,5.45,5.55,5.55,150000
2016-02-08,5.55,5.9,5.5,5.8,5.8,2864400
2016-02-09,5.8,6,5.65,5.7,5.7,971800
2016-02-10,5.8,5.9,5.75,5.75,5.75,300400
2016-02-11,5.85,5.85,5.45,5.55,5.55,451200
2016-02-12,5.5,5.55,5.45,5.45,5.45,242300
2016-02-15,5.45,5.6,5.45,5.45,5.45,196000
2016-02-16,5.45,5.5,5.45,5.45,5.45,97800
2016-02-17,5.45,5.5,5.45,5.45,5.45,116400
2016-02-18,5.45,5.6,5.45,5.55,5.55,112900
2016-02-19,5.55,5.65,5.55,5.6,5.6,221000
2016-02-23,5.6,5.75,5.6,5.75,5.75,242000
2016-02-24,5.85,5.95,5.8,5.8,5.8,4280500
2016-02-25,5.8,5.95,5.8,5.8,5.8,781900
2016-02-26,5.8,5.85,5.8,5.8,5.8,371500
2016-02-29,5.85,5.85,5.75,5.75,5.75,401500
2016-03-01,5.8,5.8,5.65,5.7,5.7,490200
2016-03-02,5.75,5.95,5.75,5.95,5.95,950800
2016-03-03,6,6.05,5.85,6,6,649600
2016-03-04,6.1,6.1,5.75,5.75,5.75,809500
2016-03-07,5.8,5.8,5.7,5.7,5.7,223900
2016-03-08,5.75,5.9,5.6,5.6,5.6,602700
2016-03-09,5.7,5.7,5.65,5.7,5.7,369100
2016-03-10,5.75,5.75,5.65,5.65,5.65,234600
2016-03-11,5.65,5.75,5.65,5.65,5.65,162800
2016-03-14,5.7,5.7,5.65,5.65,5.65,119900
2016-03-15,5.7,5.7,5.6,5.65,5.65,181600
2016-03-16,5.65,5.7,5.65,5.7,5.7,37200
2016-03-17,5.7,5.7,5.65,5.7,5.7,39900
2016-03-18,5.7,5.75,5.65,5.75,5.75,60800
2016-03-21,5.75,5.95,5.75,5.85,5.85,133000
2016-03-22,5.85,5.85,5.75,5.75,5.75,52900
2016-03-23,5.75,5.8,5.75,5.8,5.8,31800
2016-03-24,5.85,5.85,5.75,5.8,5.8,33500
2016-03-25,5.8,5.8,5.75,5.8,5.8,34800
2016-03-28,5.75,5.8,5.75,5.8,5.8,40000
2016-03-29,5.85,5.85,5.75,5.85,5.85,87000
2016-03-30,5.8,5.8,5.75,5.8,5.8,41200
2016-03-31,5.8,5.85,5.8,5.8,5.8,34700
2016-04-01,5.8,5.85,5.75,5.75,5.75,93700
2016-04-04,5.75,5.9,5.75,5.9,5.9,177700
2016-04-05,5.9,5.9,5.8,5.8,5.8,94000
2016-04-07,5.75,5.8,5.75,5.75,5.75,138000
2016-04-08,5.75,5.8,5.75,5.75,5.75,40700
2016-04-11,5.7,5.8,5.7,5.75,5.75,66700
2016-04-12,5.8,5.85,5.7,5.85,5.85,359000
2016-04-18,5.9,5.95,5.85,5.9,5.9,110500
2016-04-19,5.95,6.05,5.9,6.05,6.05,618400
2016-04-20,6.05,6.05,6,6.05,6.05,528300
2016-04-21,6.1,6.1,6.05,6.1,6.1,370400
2016-04-22,6.1,6.1,5.85,5.9,5.9,725800
2016-04-25,5.9,5.95,5.85,5.9,5.9,153900
2016-04-26,5.9,5.95,5.8,5.95,5.95,700100
2016-04-27,5.6,5.65,5.55,5.6,5.6,325600
2016-04-28,5.5,5.55,5.4,5.4,5.4,253100
2016-04-29,5.45,5.55,5.45,5.55,5.55,280700
2016-05-03,5.6,5.65,5.5,5.6,5.6,118400
2016-05-04,5.6,5.6,5.5,5.5,5.5,49800
2016-05-09,5.55,5.6,5.55,5.55,5.55,165200
2016-05-10,5.55,5.65,5.55,5.6,5.6,86600
2016-05-11,5.65,5.65,5.6,5.6,5.6,81700
2016-05-12,5.6,5.7,5.6,5.7,5.7,99300
2016-05-13,5.75,5.8,5.65,5.75,5.75,464100
2016-05-16,5.7,5.75,5.65,5.65,5.65,260000
2016-05-17,5.6,5.7,5.6,5.7,5.7,121200
2016-05-18,5.7,5.75,5.65,5.65,5.65,243700
2016-05-19,5.6,5.65,5.6,5.65,5.65,297400
2016-05-23,5.55,5.65,5.55,5.65,5.65,20300
2016-05-24,5.6,5.6,5.5,5.55,5.55,147000
2016-05-25,5.55,5.65,5.55,5.6,5.6,29400
2016-05-26,5.65,5.7,5.6,5.65,5.65,101800
2016-05-27,5.65,5.8,5.65,5.7,5.7,255800
2016-05-30,5.7,5.85,5.7,5.85,5.85,433600
2016-05-31,5.85,6.05,5.8,5.85,5.85,680200
2016-06-01,5.9,5.9,5.8,5.8,5.8,104000
2016-06-02,5.9,5.9,5.75,5.75,5.75,43100
2016-06-03,5.85,5.85,5.8,5.8,5.8,18200
2016-06-06,5.9,5.9,5.7,5.7,5.7,72500
2016-06-07,5.7,5.8,5.7,5.7,5.7,110400
2016-06-08,5.85,5.85,5.7,5.75,5.75,110500
2016-06-09,5.7,5.75,5.7,5.75,5.75,36800
2016-06-10,5.75,5.9,5.75,5.8,5.8,153600
2016-06-13,5.9,5.9,5.75,5.75,5.75,76400
2016-06-14,5.85,5.85,5.75,5.85,5.85,30800
2016-06-15,5.8,5.85,5.8,5.85,5.85,13100
2016-06-16,5.85,5.85,5.75,5.75,5.75,67700
2016-06-17,5.75,5.85,5.65,5.75,5.75,34300
2016-06-20,5.8,5.8,5.65,5.65,5.65,102800
2016-06-21,5.65,5.7,5.6,5.65,5.65,89600
2016-06-22,5.65,5.7,5.65,5.65,5.65,99400
2016-06-23,5.6,5.65,5.6,5.65,5.65,132600
2016-06-24,5.6,5.6,5.5,5.55,5.55,312900
2016-06-27,5.45,5.6,5.45,5.55,5.55,90700
2016-06-28,5.6,5.6,5.55,5.55,5.55,99200
2016-06-29,5.6,5.65,5.55,5.55,5.55,240700
2016-06-30,5.55,5.6,5.55,5.6,5.6,29900
2016-07-04,5.6,5.65,5.55,5.55,5.55,30900
2016-07-05,5.55,5.6,5.55,5.6,5.6,43800
2016-07-06,5.65,5.65,5.55,5.6,5.6,46400
2016-07-07,5.6,5.6,5.55,5.6,5.6,76000
2016-07-08,5.55,5.6,5.5,5.6,5.6,279600
2016-07-11,5.6,5.6,5.55,5.6,5.6,201100
2016-07-12,5.6,5.65,5.6,5.6,5.6,75100
2016-07-13,5.6,5.6,5.55,5.6,5.6,117700
2016-07-14,5.6,5.6,5.55,5.6,5.6,47900
2016-07-15,5.6,5.6,5.55,5.6,5.6,98400
2016-07-20,5.6,5.65,5.6,5.65,5.65,193900
2016-07-21,5.6,5.65,5.55,5.6,5.6,195700
2016-07-22,5.65,5.75,5.6,5.6,5.6,349000
2016-07-25,5.6,5.7,5.6,5.7,5.7,81000
2016-07-26,5.65,5.65,5.6,5.65,5.65,69200
2016-07-27,5.65,5.65,5.55,5.55,5.55,99500
2016-07-28,5.55,5.65,5.55,5.6,5.6,181000
2016-07-29,5.6,5.75,5.6,5.6,5.6,119100
2016-08-01,5.65,5.65,5.5,5.6,5.6,160700
2016-08-02,5.6,5.65,5.55,5.65,5.65,8600
2016-08-03,5.6,5.6,5.6,5.6,5.6,39100
2016-08-04,5.6,5.65,5.6,5.6,5.6,15200
2016-08-05,5.65,5.7,5.55,5.55,5.55,124400
2016-08-08,5.7,5.7,5.6,5.65,5.65,150900
2016-08-09,5.7,5.7,5.6,5.65,5.65,126100
2016-08-10,5.7,5.7,5.6,5.7,5.7,97300
2016-08-11,5.75,5.75,5.55,5.6,5.6,196900
2016-08-15,5.5,5.7,5,5.1,5.1,1170500
2016-08-16,5.15,5.15,5,5.05,5.05,1328800
2016-08-17,5.05,5.15,5,5.05,5.05,371200
2016-08-18,5.05,5.1,5.05,5.05,5.05,323600
2016-08-19,5.05,5.05,5,5,5,171800
2016-08-22,5.05,5.1,5.05,5.05,5.05,45900
2016-08-23,5,5.05,5,5.05,5.05,102900
2016-08-24,5.1,5.15,5.05,5.1,5.1,150200
2016-08-25,5.25,5.25,5.1,5.1,5.1,37600
2016-08-26,5.1,5.1,5.05,5.1,5.1,157000
2016-08-29,5.2,5.25,5.15,5.15,5.15,99500
2016-08-30,5.1,5.3,5.1,5.2,5.2,333000
2016-08-31,5.3,5.5,5.3,5.45,5.45,1088300
2016-09-01,5.4,5.4,5.3,5.3,5.3,189700
2016-09-02,5.3,5.4,5.25,5.3,5.3,422600
2016-09-05,5.35,5.35,5.1,5.1,5.1,706400
2016-09-06,5.25,5.25,5.15,5.2,5.2,62100
2016-09-07,5.25,5.3,5.25,5.25,5.25,180200
2016-09-08,5.25,5.25,5.1,5.1,5.1,232100
2016-09-09,5.1,5.2,5.05,5.1,5.1,186200
2016-09-12,5.1,5.15,5.05,5.15,5.15,170700
2016-09-13,4.92,5,4.92,5,5,117500
2016-09-14,5.05,5.05,5,5,5,49700
2016-09-15,5.1,5.1,5,5.05,5.05,40400
2016-09-16,5,5.05,5,5.05,5.05,32000
2016-09-19,5.1,5.25,5.05,5.25,5.25,85400
2016-09-20,5.2,5.2,5.1,5.1,5.1,103500
2016-09-21,5.15,5.2,5.15,5.2,5.2,14800
2016-09-22,5.25,5.25,5.1,5.15,5.15,47700
2016-09-23,5.1,5.15,5,5.15,5.15,143700
2016-09-26,5.15,5.2,5.15,5.15,5.15,49600
2016-09-27,5.15,5.15,5.15,5.15,5.15,10900
2016-09-28,5.15,5.15,5.1,5.1,5.1,16000
2016-09-29,5.2,5.2,5.15,5.15,5.15,14500
2016-09-30,5.05,5.1,5.05,5.05,5.05,28100
2016-10-03,5.05,5.05,5.05,5.05,5.05,10100
2016-10-04,5.1,5.1,5.1,5.1,5.1,100
2016-10-05,5.2,5.2,5.1,5.15,5.15,7300
2016-10-06,5.15,5.15,5.05,5.1,5.1,43700
2016-10-07,5.1,5.1,5.05,5.05,5.05,59500
2016-10-10,5.05,5.05,4.98,4.98,4.98,134100
2016-10-11,5.05,5.05,4.98,4.98,4.98,206000
2016-10-12,4.92,4.96,4.8,4.84,4.84,275200
2016-10-13,4.82,4.84,4.76,4.84,4.84,74700
2016-10-14,5,5.05,4.82,5.05,5.05,61600
2016-10-17,5.1,5.1,5,5,5,35100
2016-10-18,5.1,5.1,5.05,5.05,5.05,41100
2016-10-19,5.05,5.15,5.05,5.1,5.1,62600
2016-10-20,5.1,5.1,5.05,5.05,5.05,94100
2016-10-21,5,5.1,5,5.1,5.1,113600
2016-10-25,5.1,5.1,5.05,5.1,5.1,12500
2016-10-26,5.15,5.2,5.1,5.1,5.1,43300
2016-10-27,5.05,5.1,5.05,5.05,5.05,18600
2016-10-28,5.05,5.05,5.05,5.05,5.05,5000
2016-10-31,5.15,5.15,5.1,5.1,5.1,16700
2016-11-02,5.05,5.1,5,5.1,5.1,16700
2016-11-03,5.1,5.1,5.05,5.05,5.05,11000
2016-11-04,5.1,5.1,5.1,5.1,5.1,1900
2016-11-07,5.1,5.1,5.1,5.1,5.1,14700
2016-11-08,5.1,5.1,5,5.05,5.05,51200
2016-11-09,5,5.05,5,5.05,5.05,38500
2016-11-10,5.1,5.1,5.05,5.05,5.05,10100
2016-11-11,5.05,5.15,5.05,5.1,5.1,45100
2016-11-14,5.1,5.1,5,5,5,35000
2016-11-15,5,5,4.98,5,5,14900
2016-11-16,5.05,5.05,5,5.05,5.05,25300
2016-11-17,4.96,5.05,4.94,5,5,7000
2016-11-18,5,5.05,5,5,5,17100
2016-11-21,4.98,5,4.98,5,5,16900
2016-11-22,5,5,4.98,5,5,28400
2016-11-23,5,5,4.98,5,5,15100
2016-11-24,5,5,4.98,5,5,81800
2016-11-25,5,5,4.96,4.98,4.98,176100
2016-11-28,4.98,4.98,4.96,4.98,4.98,18200
2016-11-29,5,5,4.98,5,5,2200
2016-11-30,4.96,5,4.92,5,5,80300
2016-12-01,5.05,5.05,4.96,4.96,4.96,89100
2016-12-02,4.96,4.98,4.96,4.98,4.98,10800
2016-12-06,4.98,4.98,4.92,4.94,4.94,44700
2016-12-07,4.94,5,4.94,5,5,20500
2016-12-08,5,5,4.98,5,5,55100
2016-12-09,4.98,5,4.98,5,5,4000
2016-12-13,5,5,4.98,4.98,4.98,15900
2016-12-14,4.98,5,4.98,5,5,101200
2016-12-15,4.98,5.05,4.98,4.98,4.98,15900
2016-12-16,4.98,4.98,4.96,4.96,4.96,63400
2016-12-19,4.96,5.05,4.94,4.96,4.96,17300
2016-12-20,4.96,4.96,4.94,4.94,4.94,27500
2016-12-21,4.94,4.96,4.92,4.96,4.96,32300
2016-12-22,4.96,4.98,4.92,4.96,4.96,42700
2016-12-23,4.98,4.98,4.92,4.94,4.94,44900
2016-12-26,4.96,4.96,4.94,4.94,4.94,18000
2016-12-27,4.92,4.96,4.92,4.94,4.94,39600
2016-12-28,4.94,4.94,4.94,4.94,4.94,20900
2016-12-29,4.94,4.96,4.94,4.96,4.96,15300
2016-12-30,4.96,5,4.96,4.96,4.96,17300
2017-01-04,4.96,4.96,4.96,4.96,4.96,35900
2017-01-05,4.96,4.98,4.94,4.98,4.98,74600
2017-01-06,4.98,5,4.98,5,5,23600
2017-01-09,4.98,5.1,4.98,5.1,5.1,103000
2017-01-10,5.15,5.35,5.15,5.25,5.25,313000
2017-01-11,5.25,5.25,5.1,5.15,5.15,302500
2017-01-12,5.1,5.15,5.1,5.1,5.1,62200
2017-01-13,5.1,5.15,5.1,5.15,5.15,9100
2017-01-16,5.05,5.15,5.05,5.05,5.05,35600
2017-01-17,5.1,5.2,5.1,5.2,5.2,142800
2017-01-18,5.15,5.5,5.15,5.2,5.2,844800
2017-01-19,5.25,5.35,5.1,5.1,5.1,149900
2017-01-20,5.15,5.25,5.1,5.2,5.2,183800
2017-01-23,5.2,5.3,5.15,5.2,5.2,110400
2017-01-24,5.25,5.3,5.15,5.2,5.2,236300
2017-01-25,5.2,5.25,5.15,5.25,5.25,117500
2017-01-26,5.25,5.35,5.25,5.25,5.25,129700
2017-01-27,5.3,5.3,5.2,5.25,5.25,131300
2017-01-30,5.2,5.25,5.2,5.25,5.25,70600
2017-01-31,5.25,5.25,5.2,5.2,5.2,147800
2017-02-01,5.2,5.3,5.2,5.3,5.3,326500
2017-02-02,5.3,5.8,5.3,5.55,5.55,4212100
2017-02-03,5.6,5.75,5.45,5.45,5.45,1912000
2017-02-06,5.45,5.5,5.4,5.4,5.4,559700
2017-02-07,5.5,5.5,5.35,5.4,5.4,348800
2017-02-08,5.35,5.45,5.3,5.35,5.35,117500
2017-02-09,5.4,5.4,5.35,5.35,5.35,123100
2017-02-10,5.4,5.5,5.35,5.35,5.35,391300
2017-02-14,5.35,5.55,5.3,5.35,5.35,402300
2017-02-15,5.4,5.4,5.3,5.35,5.35,97900
2017-02-16,5.35,5.35,5.25,5.25,5.25,127300
2017-02-17,5.25,5.3,5.2,5.2,5.2,61600
2017-02-20,5.25,5.25,5.15,5.2,5.2,85500
2017-02-21,5.2,5.25,5.2,5.2,5.2,33700
2017-02-22,5.15,5.25,5.15,5.25,5.25,105700
2017-02-23,5.2,5.2,5.15,5.15,5.15,106600
2017-02-24,5.2,5.2,5.15,5.2,5.2,23800
2017-02-27,5.15,5.25,5.15,5.25,5.25,34500
2017-02-28,5.2,5.2,5.15,5.2,5.2,135600
2017-03-01,5,5.05,4.98,5,5,824500
2017-03-02,5,5.05,5,5,5,114700
2017-03-03,5,5.05,5,5.05,5.05,74500
2017-03-06,5,5.05,5,5.05,5.05,194300
2017-03-07,5,5.1,5,5.05,5.05,44300
2017-03-08,5.05,5.05,4.98,4.98,4.98,132800
2017-03-09,5,5.05,5,5,5,49200
2017-03-10,5,5.05,5,5,5,80400
2017-03-13,5,5.05,4.96,5.05,5.05,134900
2017-03-14,4.98,5.05,4.98,4.98,4.98,257700
2017-03-15,4.98,5,4.98,5,5,137400
2017-03-16,5,5,5,5,5,57000
2017-03-17,5,5,5,5,5,100
2017-03-20,5,5.1,5,5.1,5.1,2000
2017-03-21,5.05,5.05,5,5,5,100700
2017-03-22,5.05,5.05,5.05,5.05,5.05,200
2017-03-23,5.05,5.25,5.05,5.25,5.25,352200
2017-03-24,5.3,5.4,5.25,5.35,5.35,412700
2017-03-27,5.35,5.4,5.3,5.35,5.35,148300
2017-03-28,5.35,5.35,5.25,5.35,5.35,30700
2017-03-29,5.25,5.35,5.25,5.3,5.3,27300
2017-03-30,5.2,5.4,5.2,5.35,5.35,187200
2017-03-31,5.35,5.35,5.25,5.3,5.3,99000
2017-04-03,5.25,5.25,5.2,5.25,5.25,54900
2017-04-04,5.25,5.3,5.25,5.25,5.25,22900
2017-04-05,5.25,5.25,5.2,5.25,5.25,25900
2017-04-07,5.2,5.25,5.15,5.25,5.25,39400
2017-04-10,5.15,5.2,5.15,5.15,5.15,74100
2017-04-11,5.1,5.25,5.1,5.2,5.2,152000
2017-04-12,5.15,5.2,5.15,5.2,5.2,20100
2017-04-17,5.15,5.15,5.05,5.1,5.1,267200
2017-04-18,5.1,5.2,5.05,5.05,5.05,31000
2017-04-19,5.05,5.1,5.05,5.05,5.05,105100
2017-04-20,5.1,5.1,5.05,5.05,5.05,189800
2017-04-21,5.1,5.1,5,5.1,5.1,274500
2017-04-24,5.05,5.1,5,5.1,5.1,204900
2017-04-25,5.05,5.1,5,5,5,244700
2017-04-26,5.05,5.1,5,5.1,5.1,310900
2017-04-27,4.9,4.92,4.9,4.92,4.92,175600
2017-04-28,4.92,4.94,4.9,4.92,4.92,485300
2017-05-02,4.9,4.9,4.86,4.9,4.9,281400
2017-05-03,4.92,4.96,4.92,4.92,4.92,132800
2017-05-04,4.94,5.05,4.92,4.92,4.92,216600
2017-05-05,4.92,4.94,4.92,4.92,4.92,42200
2017-05-08,4.92,4.94,4.92,4.94,4.94,31100
2017-05-09,4.94,4.94,4.92,4.94,4.94,44300
2017-05-11,4.94,4.94,4.86,4.88,4.88,143500
2017-05-12,4.88,4.88,4.84,4.88,4.88,42600
2017-05-15,4.86,4.86,4.86,4.86,4.86,45500
2017-05-16,4.88,4.96,4.86,4.9,4.9,228400
2017-05-17,4.9,4.96,4.9,4.9,4.9,97100
2017-05-18,4.96,4.96,4.9,4.9,4.9,40500
2017-05-19,4.92,4.92,4.9,4.9,4.9,150600
2017-05-22,4.92,4.92,4.92,4.92,4.92,10900
2017-05-23,4.92,4.94,4.92,4.94,4.94,69800
2017-05-24,4.92,4.92,4.9,4.9,4.9,52000
2017-05-25,4.94,5.35,4.92,5.25,5.25,3626200
2017-05-26,5.2,5.3,5,5.05,5.05,1420600
2017-05-29,5.1,5.3,5.05,5.1,5.1,1219700
2017-05-30,5.15,5.15,5,5,5,295100
2017-05-31,5.05,5.2,5,5.05,5.05,348600
2017-06-01,5.1,5.1,5,5.1,5.1,119100
2017-06-02,5.05,5.1,5,5,5,96700
2017-06-05,5.1,5.25,5.1,5.2,5.2,1043300
2017-06-06,5.3,5.5,5.2,5.3,5.3,3249400
2017-06-07,5.4,5.55,5.3,5.3,5.3,3290700
2017-06-08,5.3,5.55,5.3,5.45,5.45,3491800
2017-06-09,5.45,5.65,5.45,5.55,5.55,1461100
2017-06-12,5.55,5.55,5.3,5.35,5.35,1092200
2017-06-13,5.3,5.4,5.3,5.35,5.35,133300
2017-06-14,5.3,5.4,5.3,5.4,5.4,176700
2017-06-15,5.4,5.4,5.3,5.35,5.35,173600
2017-06-16,5.4,5.4,5.35,5.35,5.35,170000
2017-06-19,5.4,5.4,5.3,5.3,5.3,246600
2017-06-20,5.3,5.45,5.3,5.35,5.35,1011600
2017-06-21,5.45,5.95,5.4,5.95,5.95,16142100
2017-06-22,6,6,5.75,5.8,5.8,7408200
2017-06-23,5.8,5.9,5.7,5.75,5.75,4539300
2017-06-26,5.8,5.9,5.55,5.65,5.65,1561400
2017-06-27,5.6,5.75,5.45,5.45,5.45,680400
2017-06-28,5.45,5.55,5.3,5.35,5.35,1399600
2017-06-29,5.4,5.6,5.4,5.45,5.45,2070700
2017-06-30,5.5,5.5,5.25,5.3,5.3,1425900
2017-07-03,5.3,5.35,5.25,5.3,5.3,529700
2017-07-04,5.3,5.6,5.3,5.55,5.55,2109100
2017-07-05,5.65,5.7,5.55,5.55,5.55,2309200
2017-07-06,5.55,5.6,5.5,5.55,5.55,572000
2017-07-07,5.55,5.7,5.55,5.65,5.65,1473200
2017-07-11,5.7,5.7,5.6,5.6,5.6,677100
2017-07-12,5.55,5.7,5.55,5.6,5.6,909300
2017-07-13,5.6,5.75,5.6,5.65,5.65,1483900
2017-07-14,5.7,5.85,5.65,5.65,5.65,3369900
2017-07-17,5.65,5.7,5.45,5.45,5.45,1280200
2017-07-18,5.4,5.55,5.3,5.35,5.35,2036000
2017-07-19,5.4,5.4,5.3,5.3,5.3,1448200
2017-07-20,5.35,5.4,5.35,5.4,5.4,279700
2017-07-21,5.4,5.4,5.25,5.25,5.25,1239300
2017-07-24,5.25,5.3,5.25,5.25,5.25,460600
2017-07-25,5.3,5.3,5.2,5.25,5.25,300400
2017-07-26,5.25,5.45,5.25,5.4,5.4,1112200
2017-07-27,5.45,5.65,5.45,5.6,5.6,2759300
2017-07-31,5.6,5.6,5.35,5.4,5.4,668500
2017-08-01,5.45,5.65,5.4,5.6,5.6,1371200
2017-08-02,5.6,5.8,5.55,5.75,5.75,3363300
2017-08-03,5.7,5.8,5.5,5.55,5.55,2065400
2017-08-04,5.6,5.8,5.6,5.65,5.65,1873700
2017-08-07,5.65,5.75,5.6,5.7,5.7,531800
2017-08-08,5.65,5.8,5.65,5.65,5.65,1202500
2017-08-09,5.75,5.75,5.3,5.3,5.3,3260100
2017-08-10,5.25,5.35,5.25,5.3,5.3,1363400
2017-08-11,5.35,5.35,5.15,5.2,5.2,1583100
2017-08-15,5.15,5.2,5.05,5.1,5.1,1607000
2017-08-16,5.1,5.35,5.1,5.3,5.3,812700
2017-08-17,5.3,5.3,5.2,5.25,5.25,300400
2017-08-18,5.25,5.3,5.15,5.15,5.15,547000
2017-08-21,5.2,5.2,5.15,5.15,5.15,154400
2017-08-22,5.15,5.2,5.15,5.2,5.2,178700
2017-08-23,5.2,5.2,5.15,5.15,5.15,159100
2017-08-24,5.1,5.15,5.05,5.05,5.05,1079700
2017-08-25,5.1,5.1,5.05,5.05,5.05,542900
2017-08-28,5.1,5.1,5.05,5.05,5.05,419800
2017-08-29,5.05,5.15,5.05,5.1,5.1,563200
2017-08-30,5.15,5.2,5.15,5.15,5.15,691500
2017-08-31,5.2,5.2,5.1,5.1,5.1,481300
2017-09-01,5.1,5.2,5.1,5.15,5.15,375200
2017-09-04,5.15,5.25,5.1,5.2,5.2,1025300
2017-09-05,5.2,5.3,5.2,5.2,5.2,576700
2017-09-06,5.2,5.45,5.2,5.3,5.3,5011500
2017-09-07,5.3,5.4,5.2,5.25,5.25,1479600
2017-09-08,5.25,5.3,5.2,5.3,5.3,1057300
2017-09-11,5.25,5.35,5.2,5.2,5.2,988800
2017-09-12,5.1,5.2,5.05,5.15,5.15,487600
2017-09-13,5.15,5.25,5.15,5.2,5.2,443500
2017-09-14,5.2,5.3,5.1,5.2,5.2,1242200
2017-09-15,5.2,5.2,5.1,5.15,5.15,945200
2017-09-18,5.15,5.25,5.15,5.15,5.15,894200
2017-09-19,5.15,5.25,5.15,5.2,5.2,411900
2017-09-20,5.2,5.2,5.1,5.1,5.1,1159600
2017-09-21,5.15,5.3,5.1,5.2,5.2,2358700
2017-09-22,5.2,5.25,5.15,5.2,5.2,450100
2017-09-25,5.2,5.3,5.2,5.2,5.2,479700
2017-09-26,5.2,5.25,5.15,5.25,5.25,323300
2017-09-27,5.25,5.4,5.2,5.25,5.25,2720900
2017-09-28,5.3,5.3,5.15,5.15,5.15,987000
2017-09-29,5.15,5.2,5.15,5.2,5.2,439300
2017-10-02,5.2,5.25,5.15,5.2,5.2,489900
2017-10-03,5.15,5.2,5.1,5.2,5.2,647100
2017-10-04,5.2,5.2,5.1,5.15,5.15,322700
2017-10-05,5.15,5.2,5.1,5.15,5.15,562200
2017-10-06,5.1,5.2,5.1,5.2,5.2,490500
2017-10-09,5.2,5.2,5.05,5.15,5.15,1138900
2017-10-10,5.1,5.2,5.1,5.2,5.2,136900
2017-10-11,5.15,5.2,5.1,5.2,5.2,1019000
2017-10-12,5.1,5.2,5.1,5.2,5.2,282200
2017-10-16,5.2,5.2,5.1,5.2,5.2,541700
2017-10-17,5.2,5.2,5.15,5.15,5.15,368700
2017-10-18,5.15,5.25,5.1,5.15,5.15,738000
2017-10-19,5.15,5.2,5.1,5.2,5.2,791100
2017-10-20,5.15,5.2,5.15,5.2,5.2,235900
2017-10-24,5.2,5.2,5.15,5.2,5.2,183600
2017-10-25,5.15,5.2,5.15,5.2,5.2,338700
2017-10-27,5.15,5.2,5.15,5.2,5.2,215700
2017-10-30,5.2,5.2,5.15,5.2,5.2,239100
2017-10-31,5.15,5.2,5.15,5.2,5.2,274500
2017-11-01,5.15,5.2,5.05,5.15,5.15,1935300
2017-11-02,5.15,5.15,5.1,5.15,5.15,243600
2017-11-03,5.15,5.15,5.1,5.15,5.15,237000
2017-11-06,5.1,5.15,5.05,5.1,5.1,386400
2017-11-07,5.1,5.15,5.05,5.1,5.1,585700
2017-11-08,5.1,5.1,4.96,4.96,4.96,2230300
2017-11-09,4.96,5,4.94,5,5,703200
2017-11-10,5,5,4.78,4.86,4.86,2108100
2017-11-13,4.84,4.88,4.8,4.88,4.88,148100
2017-11-14,4.86,4.86,4.82,4.86,4.86,511400
2017-11-15,4.86,4.88,4.76,4.84,4.84,649100
2017-11-16,4.82,4.86,4.82,4.86,4.86,201900
2017-11-17,4.86,4.86,4.8,4.86,4.86,423300
2017-11-20,4.84,4.88,4.82,4.86,4.86,337600
2017-11-21,4.86,4.88,4.8,4.88,4.88,577000
2017-11-22,4.88,4.88,4.84,4.88,4.88,53600
2017-11-23,4.88,4.88,4.84,4.86,4.86,148300
2017-11-24,4.84,4.86,4.84,4.86,4.86,28000
2017-11-27,4.88,4.88,4.84,4.86,4.86,54800
2017-11-28,4.84,4.9,4.84,4.9,4.9,80900
2017-11-29,4.9,4.92,4.88,4.88,4.88,21400
2017-11-30,4.88,4.9,4.86,4.88,4.88,56100
2017-12-01,4.86,4.9,4.86,4.86,4.86,81200
2017-12-04,4.9,4.9,4.86,4.86,4.86,99900
2017-12-06,4.86,4.86,4.8,4.86,4.86,211700
2017-12-07,4.84,4.88,4.84,4.88,4.88,164100
2017-12-08,4.88,4.88,4.86,4.88,4.88,223700
2017-12-12,4.88,4.9,4.86,4.88,4.88,115900
2017-12-13,4.86,4.88,4.82,4.88,4.88,141100
2017-12-14,4.86,4.94,4.82,4.86,4.86,714900
2017-12-15,4.86,4.88,4.82,4.86,4.86,67900
2017-12-18,4.84,4.9,4.84,4.9,4.9,95100
2017-12-19,4.88,4.9,4.88,4.88,4.88,50400
2017-12-20,4.9,4.9,4.86,4.9,4.9,59500
2017-12-21,4.9,4.96,4.9,4.94,4.94,274000
2017-12-22,4.98,4.98,4.94,4.98,4.98,58100
2017-12-25,4.98,5,4.96,5,5,54800
2017-12-26,4.98,5,4.96,5,5,37700
2017-12-27,5,5,4.94,4.94,4.94,186800
2017-12-28,4.94,4.98,4.92,4.98,4.98,43300
2017-12-29,4.98,4.98,4.92,4.98,4.98,10800
2018-01-03,4.98,5,4.94,4.94,4.94,71100
2018-01-04,4.94,4.96,4.92,4.92,4.92,65100
2018-01-05,4.94,4.98,4.92,4.96,4.96,26400
2018-01-08,4.96,4.98,4.92,4.98,4.98,39200
2018-01-09,4.92,4.98,4.92,4.98,4.98,96000
2018-01-11,4.94,4.98,4.92,4.96,4.96,157100
2018-01-12,4.92,4.94,4.86,4.92,4.92,380800
2018-01-15,4.94,4.94,4.8,4.88,4.88,321500
2018-01-16,4.86,4.9,4.84,4.9,4.9,21700
2018-01-17,4.9,4.9,4.82,4.88,4.88,224800
2018-01-18,4.86,4.88,4.82,4.88,4.88,124900
2018-01-19,4.84,4.86,4.82,4.86,4.86,30700
2018-01-22,4.86,4.88,4.82,4.86,4.86,143700
2018-01-23,4.86,4.88,4.84,4.88,4.88,74600
2018-01-24,4.84,4.88,4.82,4.86,4.86,25000
2018-01-25,4.86,4.88,4.82,4.88,4.88,37000
2018-01-26,4.84,4.88,4.84,4.88,4.88,30100
2018-01-29,4.86,4.88,4.78,4.8,4.8,388400
2018-01-30,4.8,4.92,4.8,4.82,4.82,1120000
2018-01-31,4.86,4.86,4.82,4.84,4.84,82600
2018-02-01,4.86,4.86,4.84,4.84,4.84,46800
2018-02-02,4.86,4.86,4.82,4.84,4.84,44800
2018-02-05,4.82,4.84,4.76,4.84,4.84,220300
2018-02-06,4.8,4.84,4.76,4.82,4.82,62300
2018-02-07,4.8,4.84,4.78,4.8,4.8,61500
2018-02-08,4.82,4.82,4.8,4.8,4.8,35500
2018-02-09,4.8,4.8,4.78,4.8,4.8,35100
2018-02-12,4.8,4.86,4.78,4.84,4.84,150800
2018-02-13,4.84,4.86,4.82,4.86,4.86,36600
2018-02-14,4.84,4.86,4.84,4.84,4.84,27000
2018-02-15,4.84,4.84,4.84,4.84,4.84,1100
2018-02-16,4.82,4.84,4.78,4.84,4.84,174800
2018-02-19,4.82,4.84,4.82,4.84,4.84,15800
2018-02-20,4.82,4.84,4.8,4.82,4.82,67500
2018-02-21,4.84,4.9,4.8,4.86,4.86,1639700
2018-02-22,4.84,4.84,4.78,4.84,4.84,218300
2018-02-23,4.84,4.86,4.8,4.84,4.84,92700
2018-02-26,4.84,4.86,4.8,4.86,4.86,399900
2018-02-27,4.82,4.82,4.8,4.82,4.82,66100
2018-02-28,4.82,4.82,4.8,4.8,4.8,92200
2018-03-02,4.8,4.84,4.78,4.8,4.8,71300
2018-03-05,4.8,4.82,4.78,4.82,4.82,168500
2018-03-06,4.8,4.84,4.78,4.84,4.84,122200
2018-03-07,4.8,4.82,4.76,4.78,4.78,231200
2018-03-08,4.78,4.8,4.74,4.8,4.8,83100
2018-03-09,4.78,4.78,4.74,4.78,4.78,199000
2018-03-12,4.76,4.76,4.7,4.76,4.76,206500
2018-03-13,4.72,4.76,4.72,4.74,4.74,71100
2018-03-14,4.72,4.76,4.72,4.74,4.74,351900
2018-03-15,4.72,4.74,4.7,4.74,4.74,94800
2018-03-16,4.7,4.76,4.7,4.76,4.76,220800
2018-03-19,4.74,4.76,4.72,4.76,4.76,27700
2018-03-20,4.74,4.76,4.72,4.76,4.76,54400
2018-03-21,4.74,4.76,4.74,4.76,4.76,6500
2018-03-22,4.76,4.8,4.74,4.8,4.8,36600
2018-03-23,4.76,4.78,4.74,4.78,4.78,67000
2018-03-26,4.76,4.76,4.76,4.76,4.76,33700
2018-03-27,4.74,4.78,4.74,4.78,4.78,13700
2018-03-28,4.74,4.78,4.74,4.78,4.78,9900
2018-03-29,4.78,4.78,4.72,4.74,4.74,33300
2018-03-30,4.76,4.8,4.76,4.76,4.76,2500
2018-04-02,4.8,4.8,4.78,4.8,4.8,36700
2018-04-03,4.7,4.8,4.7,4.7,4.7,188600
2018-04-04,4.7,4.78,4.7,4.7,4.7,44700
2018-04-05,4.72,4.76,4.66,4.76,4.76,110400
2018-04-09,4.76,4.78,4.74,4.78,4.78,13500
2018-04-10,4.76,4.76,4.68,4.7,4.7,52300
2018-04-11,4.76,4.76,4.74,4.76,4.76,26200
2018-04-12,4.76,4.76,4.74,4.76,4.76,38500
2018-04-17,4.74,4.76,4.74,4.74,4.74,106200
2018-04-18,4.74,4.78,4.74,4.78,4.78,356500
2018-04-19,4.76,4.78,4.76,4.78,4.78,142300
2018-04-20,4.56,4.6,4.56,4.6,4.6,168800
2018-04-23,4.6,4.6,4.56,4.58,4.58,31700
2018-04-24,4.58,4.58,4.5,4.54,4.54,103600
2018-04-25,4.54,4.54,4.48,4.5,4.5,94900
2018-04-26,4.48,4.48,4.46,4.48,4.48,88500
2018-04-27,4.48,4.48,4.44,4.44,4.44,69600
2018-04-30,4.44,4.46,4.42,4.46,4.46,65200
2018-05-02,4.46,4.48,4.46,4.48,4.48,21500
2018-05-03,4.48,4.5,4.48,4.5,4.5,5200
2018-05-04,4.5,4.5,4.48,4.48,4.48,11300
2018-05-07,4.46,4.5,4.46,4.5,4.5,35100
2018-05-08,4.5,4.5,4.42,4.48,4.48,26300
2018-05-09,4.46,4.48,4.4,4.44,4.44,172200
2018-05-10,4.44,4.44,4.34,4.4,4.4,113600
2018-05-11,4.38,4.4,4.32,4.4,4.4,86000
2018-05-14,4.4,4.4,4.3,4.38,4.38,191000
2018-05-15,4.36,4.36,4.18,4.22,4.22,87300
2018-05-16,4.2,4.22,4.18,4.22,4.22,76000
2018-05-17,4.22,4.24,4.18,4.18,4.18,60500
2018-05-18,4.18,4.22,4.18,4.22,4.22,6000
2018-05-21,4.2,4.22,4.18,4.2,4.2,17100
2018-05-22,4.06,4.18,4.02,4.16,4.16,804000
2018-05-23,4.16,4.16,4.1,4.12,4.12,74100
2018-05-24,4.12,4.14,4.1,4.12,4.12,45600
2018-05-25,4.08,4.1,4.08,4.08,4.08,34400
2018-05-28,4.06,4.08,4,4.06,4.06,134900
2018-05-30,4.04,4.06,4.02,4.06,4.06,15700
2018-05-31,4.04,4.06,4.02,4.02,4.02,18100
2018-06-01,4.02,4.04,4,4,4,68600
2018-06-04,4.02,4.04,4,4.04,4.04,34800
2018-06-05,4.04,4.04,4,4.04,4.04,50900
2018-06-06,4.04,4.04,4.02,4.04,4.04,14100
2018-06-07,4.02,4.04,4.02,4.04,4.04,11900
2018-06-08,4.02,4.04,4.02,4.04,4.04,12100
2018-06-11,4.02,4.04,4,4.02,4.02,10900
2018-06-12,4,4.04,4,4.04,4.04,3700
2018-06-13,4.02,4.04,4.02,4.04,4.04,30000
2018-06-14,4.02,4.04,4,4.04,4.04,18800
2018-06-15,4.02,4.02,4,4,4,1200
2018-06-18,4,4,3.98,4,4,17900
2018-06-19,4,4,3.92,4,4,60000
2018-06-20,3.98,3.98,3.86,3.98,3.98,110600
2018-06-21,3.96,3.96,3.94,3.94,3.94,6100
2018-06-22,3.94,3.94,3.92,3.94,3.94,5900
2018-06-25,3.92,3.98,3.88,3.92,3.92,43700
2018-06-26,3.92,3.92,3.88,3.9,3.9,4100
2018-06-27,3.88,3.9,3.8,3.9,3.9,46100
2018-06-28,3.86,3.86,3.78,3.84,3.84,53500
2018-06-29,3.82,3.84,3.7,3.78,3.78,91800
2018-07-02,3.74,3.74,3.58,3.58,3.58,219500
2018-07-03,3.58,4.1,3.58,3.82,3.82,160100
2018-07-04,3.78,3.86,3.76,3.82,3.82,43700
2018-07-05,3.84,3.86,3.78,3.82,3.82,71700
2018-07-06,3.82,3.82,3.78,3.8,3.8,39800
2018-07-09,3.8,3.8,3.76,3.78,3.78,15700
2018-07-10,3.78,3.86,3.78,3.86,3.86,13800
2018-07-11,3.86,3.86,3.82,3.84,3.84,22800
2018-07-12,3.88,3.88,3.8,3.84,3.84,30100
2018-07-13,3.9,3.9,3.82,3.88,3.88,31300
2018-07-16,3.88,3.88,3.84,3.88,3.88,7600
2018-07-17,3.84,3.88,3.78,3.88,3.88,31200
2018-07-18,3.88,3.92,3.86,3.92,3.92,89600
2018-07-19,3.9,3.94,3.88,3.92,3.92,38700
2018-07-20,3.92,3.94,3.9,3.94,3.94,16200
2018-07-23,3.92,3.94,3.9,3.94,3.94,3300
2018-07-24,3.94,3.94,3.9,3.9,3.9,36400
2018-07-25,3.9,3.94,3.86,3.92,3.92,50700
2018-07-26,3.92,4.18,3.9,4.16,4.16,516900
2018-07-31,4.2,4.2,4.08,4.16,4.16,18900
2018-08-01,4.18,4.18,4.1,4.16,4.16,20200
2018-08-02,4.12,4.14,4.1,4.12,4.12,20300
2018-08-03,4.1,4.16,4.1,4.12,4.12,12500
2018-08-06,4.1,4.18,4,4.1,4.1,97400
2018-08-07,4.1,4.12,4.08,4.12,4.12,9400
2018-08-08,4.14,4.14,4.1,4.14,4.14,32200
2018-08-09,4.14,4.14,4.12,4.14,4.14,61700
2018-08-10,4.14,4.16,4.12,4.12,4.12,147800
2018-08-14,4.12,4.14,4.12,4.14,4.14,27800
2018-08-15,4.14,4.14,4.02,4.12,4.12,74900
2018-08-16,4.12,4.14,4.1,4.14,4.14,19900
2018-08-17,4.12,4.16,4.1,4.16,4.16,49600
2018-08-20,4.16,4.16,4.12,4.16,4.16,102200
2018-08-21,4.16,4.16,4.12,4.16,4.16,58100
2018-08-22,4,4.12,4,4.12,4.12,288900
2018-08-23,3.92,4,3.9,3.98,3.98,209900
2018-08-24,3.96,3.98,3.96,3.98,3.98,15500
2018-08-27,4,4,4,4,4,1100
2018-08-28,3.98,4,3.96,3.96,3.96,57800
2018-08-29,3.96,4,3.92,4,4,22800
2018-08-30,3.96,3.98,3.96,3.96,3.96,15000
2018-08-31,3.98,3.98,3.98,3.98,3.98,1800
2018-09-03,3.96,3.98,3.96,3.98,3.98,6500
2018-09-04,3.98,3.98,3.98,3.98,3.98,20900
2018-09-05,3.98,3.98,3.96,3.98,3.98,9500
2018-09-06,3.96,3.98,3.96,3.98,3.98,5100
2018-09-07,3.98,3.98,3.98,3.98,3.98,4600
2018-09-10,3.98,3.98,3.96,3.98,3.98,11300
2018-09-11,3.98,3.98,3.94,3.98,3.98,5200
2018-09-12,3.98,3.98,3.98,3.98,3.98,2900
2018-09-13,3.98,4,3.94,4,4,46000
2018-09-14,3.98,4,3.98,4,4,34200
2018-09-17,4,4.02,4,4.02,4.02,295100
2018-09-18,4,4.02,4,4.02,4.02,27500
2018-09-19,4.02,4.02,4.02,4.02,4.02,20300
2018-09-20,4,4.02,3.94,3.98,3.98,73600
2018-09-21,4,4.02,3.98,4.02,4.02,87200
2018-09-24,4.02,4.02,3.98,4,4,40700
2018-09-25,3.98,4,3.96,4,4,13900
2018-09-26,4,4.08,3.98,4.08,4.08,64900
2018-09-27,4.06,4.1,4.06,4.06,4.06,28500
2018-09-28,4.04,4.06,4.04,4.06,4.06,53600
2018-10-01,4.06,4.06,4.04,4.06,4.06,30800
2018-10-02,4.04,4.04,4.04,4.04,4.04,9700
2018-10-03,4.04,4.1,4.04,4.1,4.1,132800
2018-10-04,4.1,4.1,4.06,4.06,4.06,82100
2018-10-05,4.06,4.1,4.06,4.1,4.1,5300
2018-10-08,4.08,4.1,4.08,4.1,4.1,10200
2018-10-09,4.08,4.12,4.08,4.12,4.12,24000
2018-10-10,4.1,4.12,4.08,4.1,4.1,31700
2018-10-11,4.14,4.14,4.08,4.1,4.1,21100
2018-10-12,4.12,4.12,4.04,4.12,4.12,13200
2018-10-17,4.08,4.1,4.08,4.1,4.1,15700
2018-10-18,4.08,4.1,4.06,4.1,4.1,12200
2018-10-19,4.1,4.1,4.06,4.08,4.08,100500
2018-10-22,4.06,4.08,4.06,4.06,4.06,27100
2018-10-24,4.06,4.08,4,4.06,4.06,35200
2018-10-25,4.04,4.06,3.98,4.06,4.06,65400
2018-10-26,4.02,4.02,4,4,4,101000
2018-10-29,4.02,4.06,4.02,4.06,4.06,11000
2018-10-30,4.02,4.06,4.02,4.06,4.06,21500
2018-10-31,4.04,4.04,4.04,4.04,4.04,44200
2018-11-01,4.04,4.04,4,4.04,4.04,48900
2018-11-02,4.02,4.04,4.02,4.04,4.04,63000
2018-11-05,4.02,4.08,4.02,4.08,4.08,55900
2018-11-06,4.04,4.04,4.02,4.04,4.04,51300
2018-11-07,4.02,4.06,4.02,4.04,4.04,78200
2018-11-08,4.04,4.06,4.02,4.06,4.06,82100
2018-11-09,4.04,4.06,4.02,4.06,4.06,56500
2018-11-12,4.02,4.06,4.02,4.02,4.02,25700
2018-11-13,4.06,4.06,4.04,4.06,4.06,53000
2018-11-14,4.02,4.22,4.02,4.2,4.2,647800
2018-11-15,4.2,4.2,4.08,4.1,4.1,283900
2018-11-16,4.1,4.1,4.1,4.1,4.1,99800
2018-11-19,4.1,4.12,4.1,4.12,4.12,72700
2018-11-20,4.14,4.14,4.02,4.06,4.06,93900
2018-11-21,4.06,4.08,4.02,4.02,4.02,43500
2018-11-22,4.02,4.06,4.02,4.06,4.06,22100
2018-11-23,4.04,4.06,4,4.06,4.06,96600
2018-11-26,4.06,4.08,4.06,4.08,4.08,82700
2018-11-27,4.08,4.1,4.06,4.1,4.1,93800
2018-11-28,4.1,4.1,4.08,4.1,4.1,50300
2018-11-29,4.08,4.12,4.08,4.1,4.1,91000
2018-11-30,4.08,4.1,4.08,4.1,4.1,84000
2018-12-03,4.1,4.1,4.06,4.08,4.08,71700
2018-12-04,4.06,4.08,4.06,4.08,4.08,35300
2018-12-06,4.06,4.06,4.04,4.06,4.06,21600
2018-12-07,4.06,4.08,4,4.06,4.06,59100
2018-12-11,4.04,4.06,4,4.04,4.04,94000
2018-12-12,4.02,4.02,4,4,4,71000
2018-12-13,3.98,4,3.94,3.96,3.96,71900
2018-12-14,3.96,3.96,3.94,3.96,3.96,49600
2018-12-17,3.94,3.96,3.92,3.96,3.96,38400
2018-12-18,3.94,3.96,3.9,3.96,3.96,48500
2018-12-19,3.88,3.96,3.88,3.96,3.96,21400
2018-12-20,3.96,3.96,3.9,3.92,3.92,12500
2018-12-21,3.9,3.96,3.9,3.96,3.96,27400
2018-12-24,3.94,3.96,3.88,3.96,3.96,44500
2018-12-25,3.9,3.9,3.88,3.9,3.9,22900
2018-12-26,3.88,3.92,3.82,3.92,3.92,31000
2018-12-27,3.9,3.96,3.88,3.92,3.92,35400
2018-12-28,3.9,3.98,3.86,3.96,3.96,97700
2019-01-02,4,4,3.98,3.98,3.98,1200
2019-01-03,3.9,3.9,3.9,3.9,3.9,2100
2019-01-04,3.9,3.98,3.9,3.98,3.98,400
2019-01-07,3.98,3.98,3.98,3.98,3.98,4000
2019-01-08,3.98,3.98,3.88,3.98,3.98,21100
2019-01-09,3.98,3.98,3.98,3.98,3.98,55500
2019-01-10,3.94,3.94,3.94,3.94,3.94,51400
